      1.0000
      2.0000
      3.2700
      4.7600
      6.6000
      8.9300
     11.9700
     15.9500
     21.1300
     27.8500
     36.5000
     47.5800
     61.6800
     79.5100
    101.9400
    130.0500
    165.0800
    208.5000
    262.0200
    327.6400
    407.6600
    504.6800
    621.6800
    761.9800
    929.2900
   1127.6900
   1364.3400
   1645.7100
   1979.1600
   2373.0400
   2836.7800
   3381.0000
   4017.5400
   4764.3900
   5638.7900
   6660.3400
   7851.2300
   9236.5700
   10866.3000
   12783.7000
   15039.3000
   17693.0000
   20815.2000
   24487.5100
   28808.3100
   33750.0100
   37500.0100
   41250.0100
   45000.0100
   48750.0100
   52500.0100
   56250.0100
   60000.0100
   63750.0100
   67500.0100
   70000.0100
   72500.0100
   75000.0200
   77499.9800
   80000.0200
   82000.0200
   83500.0100
   85000.0200
   86500.0100
   88000.0000
   89500.0000
   90999.9800
   92500.0000
   94000.0100
   95499.9800
   96999.9800
   98500.0000
  100000.0000
