1SPLATZMAN FINITE DIFFERENCE MODEL OF ATLANTICOCEAN                     PLAT362 
          1202            23           154          1025             0
RSA                      362           362          3074             0
(16I5)          (20I4)          (3E25.17)                               
    1   10   20   29   42   57   69   76   87  100  115  130  145  155  166  181
  196  211  226  241  251  259  270  283  298  313  328  343  358  368  376  389
  404  419  434  449  464  479  494  507  514  524  539  554  569  584  599  614
  629  644  659  669  676  689  704  719  734  749  764  779  794  809  822  829
  836  846  859  874  889  904  919  934  949  964  974  982  995 1010 1025 1040
 1055 1070 1085 1096 1099 1110 1125 1140 1155 1170 1185 1198 1205 1216 1231 1246
 1261 1276 1291 1302 1311 1324 1339 1354 1369 1384 1399 1412 1419 1427 1440 1453
 1464 1477 1492 1507 1522 1535 1541 1551 1564 1571 1579 1592 1605 1615 1621 1627
 1633 1640 1646 1654 1660 1668 1677 1686 1692 1698 1706 1715 1724 1733 1741 1745
 1754 1763 1772 1781 1790 1797 1804 1812 1821 1830 1839 1848 1857 1865 1872 1881
 1890 1899 1908 1917 1926 1935 1944 1950 1958 1967 1976 1985 1994 2003 2012 2021
 2030 2038 2044 2052 2061 2070 2079 2088 2097 2106 2115 2124 2130 2134 2140 2148
 2157 2166 2175 2184 2193 2202 2210 2216 2224 2233 2242 2251 2260 2269 2277 2281
 2289 2298 2307 2316 2325 2333 2338 2347 2356 2365 2374 2383 2391 2399 2408 2417
 2426 2435 2444 2453 2459 2466 2474 2480 2486 2494 2503 2512 2520 2525 2532 2537
 2543 2550 2556 2559 2562 2565 2569 2574 2579 2583 2588 2593 2598 2603 2606 2610
 2615 2620 2625 2630 2635 2638 2643 2648 2653 2658 2663 2668 2671 2676 2681 2686
 2691 2696 2701 2706 2711 2715 2719 2724 2729 2734 2739 2744 2749 2754 2759 2764
 2767 2770 2774 2779 2784 2789 2794 2799 2804 2809 2814 2818 2820 2823 2827 2832
 2837 2842 2847 2852 2857 2862 2865 2868 2872 2877 2882 2887 2892 2897 2902 2905
 2909 2914 2919 2924 2929 2934 2938 2940 2944 2949 2954 2959 2964 2969 2972 2977
 2982 2987 2992 2997 3002 3006 3011 3015 3019 3023 3028 3033 3038 3042 3044 3048
 3052 3054 3057 3061 3065 3068 3069 3071 3072 3074 3075
   1   2   4 131 133 134 246 247 248   2   5 131 132 134 135 246 247 248 249   3
   4   9 133 138 139 247 250 251   4   5  10 131 133 134 139 140 247 248 250 251
 252   5   6  11 131 132 134 135 140 141 247 248 249 251 252 253   6  12 132 135
 136 141 142 248 249 252 253 254   7   8  14 137 144 255 256   8   9  15 137 138
 144 145 250 255 256 257   9  10  16 133 138 139 145 146 250 251 256 257 258  10
  11  17 133 134 139 140 146 147 250 251 252 257 258 259  11  12  18 134 135 140
 141 147 148 251 252 253 258 259 260  12  13  19 135 136 141 142 148 149 252 253
 254 259 260 261  13  20 136 142 143 149 253 254 260 261  14  15  23 137 144 151
 152 255 256 262 263  15  16  24 137 138 144 145 152 153 255 256 257 262 263 264
  16  17  25 138 139 145 146 153 154 256 257 258 263 264 265  17  18  26 139 140
 146 147 154 155 257 258 259 264 265 266  18  19  27 140 141 147 148 155 156 258
 259 260 265 266 267  19  20  28 141 142 148 149 156 157 259 260 261 266 267 268
  20  29 142 143 149 157 260 261 267 268  21  22  31 150 158 159 269 270  22  23
  32 150 151 159 160 262 269 270 271  23  24  33 144 151 152 160 161 262 263 270
 271 272  24  25  34 144 145 152 153 161 162 262 263 264 271 272 273  25  26  35
 145 146 153 154 162 163 263 264 265 272 273 274  26  27  36 146 147 154 155 163
 164 264 265 266 273 274 275  27  28  37 147 148 155 156 164 165 265 266 267 274
 275 276  28  29  38 148 149 156 157 165 166 266 267 268 275 276 277  29  39 149
 157 166 167 267 268 276 277  30  31  41 158 168 269 278 279  31  32  42 150 158
 159 168 169 269 270 278 279 280  32  33  43 150 151 159 160 169 170 269 270 271
 279 280 281  33  34  44 151 152 160 161 170 171 270 271 272 280 281 282  34  35
  45 152 153 161 162 171 172 271 272 273 281 282 283  35  36  46 153 154 162 163
 172 173 272 273 274 282 283 284  36  37  47 154 155 163 164 173 174 273 274 275
 283 284 285  37  38  48 155 156 164 165 174 175 274 275 276 284 285 286  38  39
  49 156 157 165 166 175 176 275 276 277 285 286 287  39  40  50 157 166 167 176
 177 276 277 286 287 288  40  51 167 177 277 287 288  41  42  52 158 168 178 278
 279 289 290  42  43  53 158 159 168 169 178 179 278 279 280 289 290 291  43  44
  54 159 160 169 170 179 180 279 280 281 290 291 292  44  45  55 160 161 170 171
 180 181 280 281 282 291 292 293  45  46  56 161 162 171 172 181 182 281 282 283
 292 293 294  46  47  57 162 163 172 173 182 183 282 283 284 293 294 295  47  48
  58 163 164 173 174 183 184 283 284 285 294 295 296  48  49  59 164 165 174 175
 184 185 284 285 286 295 296 297  49  50  60 165 166 175 176 185 186 285 286 287
 296 297 298  50  51  61 166 167 176 177 186 187 286 287 288 297 298 299  51  62
 167 177 187 188 287 288 298 299  52  53 168 178 289 290 300  53  54  64 168 169
 178 179 189 289 290 291 300 301  54  55  65 169 170 179 180 189 190 290 291 292
 300 301 302  55  56  66 170 171 180 181 190 191 291 292 293 301 302 303  56  57
  67 171 172 181 182 191 192 292 293 294 302 303 304  57  58  68 172 173 182 183
 192 193 293 294 295 303 304 305  58  59  69 173 174 183 184 193 194 294 295 296
 304 305 306  59  60  70 174 175 184 185 194 195 295 296 297 305 306 307  60  61
  71 175 176 185 186 195 196 296 297 298 306 307 308  61  62  72 176 177 186 187
 196 197 297 298 299 307 308 309  62  63  73 177 187 188 197 198 298 299 308 309
 310  63  74 188 198 299 309 310  64  65 178 179 189 300 301  65  66 179 180 189
 190 300 301 302 311  66  67  75 180 181 190 191 199 301 302 303 311 312  67  68
  76 181 182 191 192 199 200 302 303 304 311 312 313  68  69  77 182 183 192 193
 200 201 303 304 305 312 313 314  69  70  78 183 184 193 194 201 202 304 305 306
 313 314 315  70  71  79 184 185 194 195 202 203 305 306 307 314 315 316  71  72
  80 185 186 195 196 203 204 306 307 308 315 316 317  72  73  81 186 187 196 197
 204 205 307 308 309 316 317 318  73  74  82 187 188 197 198 205 206 308 309 310
 317 318 319  74  83 188 198 206 207 309 310 318 319  75  76 190 191 199 311 312
 320  76  77  85 191 192 199 200 208 311 312 313 320 321  77  78  86 192 193 200
 201 208 209 312 313 314 320 321 322  78  79  87 193 194 201 202 209 210 313 314
 315 321 322 323  79  80  88 194 195 202 203 210 211 314 315 316 322 323 324  80
  81  89 195 196 203 204 211 212 315 316 317 323 324 325  81  82  90 196 197 204
 205 212 213 316 317 318 324 325 326  82  83  91 197 198 205 206 213 214 317 318
 319 325 326 327  83  84  92 198 206 207 214 318 319 326 327  84 319 327  85  86
  93 199 200 208 215 320 321 328 329  86  87  94 200 201 208 209 215 216 320 321
 322 328 329 330  87  88  95 201 202 209 210 216 217 321 322 323 329 330 331  88
  89  96 202 203 210 211 217 218 322 323 324 330 331 332  89  90  97 203 204 211
 212 218 219 323 324 325 331 332 333  90  91  98 204 205 212 213 219 220 324 325
 326 332 333 334  91  92  99 205 206 213 214 220 325 326 327 333 334  92 206 207
 214 326 327 334  93  94 101 208 215 221 222 328 329 335 336  94  95 102 208 209
 215 216 222 223 328 329 330 335 336 337  95  96 103 209 210 216 217 223 224 329
 330 331 336 337 338  96  97 104 210 211 217 218 224 225 330 331 332 337 338 339
  97  98 105 211 212 218 219 225 226 331 332 333 338 339 340  98  99 106 212 213
 219 220 226 227 332 333 334 339 340 341  99 107 213 214 220 227 228 333 334 340
 341 100 101 110 221 229 230 335 342 343 101 102 111 215 221 222 230 231 335 336
 342 343 344 102 103 112 215 216 222 223 231 232 335 336 337 343 344 345 103 104
 113 216 217 223 224 232 233 336 337 338 344 345 346 104 105 114 217 218 224 225
 233 234 337 338 339 345 346 347 105 106 115 218 219 225 226 234 235 338 339 340
 346 347 348 106 107 116 219 220 226 227 235 236 339 340 341 347 348 349 107 108
 117 220 227 228 236 237 340 341 348 349 350 108 118 228 237 341 349 350 109 110
 119 229 238 342 351 352 110 111 120 221 229 230 238 239 342 343 351 352 353 111
 112 121 221 222 230 231 239 342 343 344 352 353 112 113 222 223 231 232 343 344
 345 353 354 113 114 122 223 224 232 233 240 344 345 346 354 355 114 115 123 224
 225 233 234 240 241 345 346 347 354 355 356 115 116 124 225 226 234 235 241 242
 346 347 348 355 356 357 116 117 125 226 227 235 236 242 243 347 348 349 356 357
 358 117 118 126 227 228 236 237 243 348 349 350 357 358 118 228 237 349 350 358
 119 120 127 229 238 244 351 352 359 360 120 121 128 229 230 238 239 244 351 352
 353 359 360 121 230 231 239 352 353 360 122 123 232 233 240 354 355 361 123 124
 129 233 234 240 241 245 354 355 356 361 362 124 125 130 234 235 241 242 245 355
 356 357 361 362 125 126 235 236 242 243 356 357 358 362 126 236 237 243 357 358
 127 128 238 244 359 360 128 238 239 244 359 360 129 130 240 241 245 361 362 130
 241 242 245 361 362 131 132 133 134 135 246 247 248 132 134 135 136 246 248 133
 134 138 139 140 247 250 251 134 135 139 140 141 247 248 251 252 135 136 140 141
 142 248 249 252 253 136 141 142 143 249 253 137 138 144 145 255 256 138 139 144
 145 146 250 256 257 139 140 145 146 147 250 251 257 258 140 141 146 147 148 251
 252 258 259 141 142 147 148 149 252 253 259 260 142 143 148 149 253 254 260 261
 143 149 254 261 144 145 151 152 153 255 256 262 263 145 146 152 153 154 256 257
 263 264 146 147 153 154 155 257 258 264 265 147 148 154 155 156 258 259 265 266
 148 149 155 156 157 259 260 266 267 149 156 157 260 261 267 268 150 151 158 159
 160 269 270 151 152 159 160 161 262 270 271 152 153 160 161 162 262 263 271 272
 153 154 161 162 163 263 264 272 273 154 155 162 163 164 264 265 273 274 155 156
 163 164 165 265 266 274 275 156 157 164 165 166 266 267 275 276 157 165 166 167
 267 268 276 277 158 159 168 169 269 278 279 159 160 168 169 170 269 270 279 280
 160 161 169 170 171 270 271 280 281 161 162 170 171 172 271 272 281 282 162 163
 171 172 173 272 273 282 283 163 164 172 173 174 273 274 283 284 164 165 173 174
 175 274 275 284 285 165 166 174 175 176 275 276 285 286 166 167 175 176 177 276
 277 286 287 167 176 177 277 287 288 168 169 178 179 278 279 289 290 169 170 178
 179 180 279 280 290 291 170 171 179 180 181 280 281 291 292 171 172 180 181 182
 281 282 292 293 172 173 181 182 183 282 283 293 294 173 174 182 183 184 283 284
 294 295 174 175 183 184 185 284 285 295 296 175 176 184 185 186 285 286 296 297
 176 177 185 186 187 286 287 297 298 177 186 187 188 287 288 298 299 178 179 189
 289 290 300 179 180 189 190 290 291 300 301 180 181 189 190 191 291 292 301 302
 181 182 190 191 192 292 293 302 303 182 183 191 192 193 293 294 303 304 183 184
 192 193 194 294 295 304 305 184 185 193 194 195 295 296 305 306 185 186 194 195
 196 296 297 306 307 186 187 195 196 197 297 298 307 308 187 188 196 197 198 298
 299 308 309 188 197 198 299 309 310 189 190 300 301 190 191 199 301 302 311 191
 192 199 200 302 303 311 312 192 193 199 200 201 303 304 312 313 193 194 200 201
 202 304 305 313 314 194 195 201 202 203 305 306 314 315 195 196 202 203 204 306
 307 315 316 196 197 203 204 205 307 308 316 317 197 198 204 205 206 308 309 317
 318 198 205 206 207 309 310 318 319 199 200 208 311 312 320 200 201 208 209 312
 313 320 321 201 202 208 209 210 313 314 321 322 202 203 209 210 211 314 315 322
 323 203 204 210 211 212 315 316 323 324 204 205 211 212 213 316 317 324 325 205
 206 212 213 214 317 318 325 326 206 207 213 214 318 319 326 327 207 214 319 327
 208 209 215 216 320 321 328 329 209 210 215 216 217 321 322 329 330 210 211 216
 217 218 322 323 330 331 211 212 217 218 219 323 324 331 332 212 213 218 219 220
 324 325 332 333 213 214 219 220 325 326 333 334 214 220 326 327 334 215 216 221
 222 223 328 329 335 336 216 217 222 223 224 329 330 336 337 217 218 223 224 225
 330 331 337 338 218 219 224 225 226 331 332 338 339 219 220 225 226 227 332 333
 339 340 220 226 227 228 333 334 340 341 221 222 229 230 231 335 342 343 222 223
 230 231 232 335 336 343 344 223 224 231 232 233 336 337 344 345 224 225 232 233
 234 337 338 345 346 225 226 233 234 235 338 339 346 347 226 227 234 235 236 339
 340 347 348 227 228 235 236 237 340 341 348 349 228 236 237 341 349 350 229 230
 238 239 342 351 352 230 231 238 239 342 343 352 353 231 232 239 343 344 353 232
 233 240 344 345 354 233 234 240 241 345 346 354 355 234 235 240 241 242 346 347
 355 356 235 236 241 242 243 347 348 356 357 236 237 242 243 348 349 357 358 237
 243 349 350 358 238 239 244 351 352 359 360 239 244 352 353 360 240 241 245 354
 355 361 241 242 245 355 356 361 362 242 243 245 356 357 362 243 357 358 244 359
 360 245 361 362 246 247 248 249 247 248 250 251 252 248 249 251 252 253 249 252
 253 254 250 251 256 257 258 251 252 257 258 259 252 253 258 259 260 253 254 259
 260 261 254 260 261 255 256 262 263 256 257 262 263 264 257 258 263 264 265 258
 259 264 265 266 259 260 265 266 267 260 261 266 267 268 261 267 268 262 263 270
 271 272 263 264 271 272 273 264 265 272 273 274 265 266 273 274 275 266 267 274
 275 276 267 268 275 276 277 268 276 277 269 270 278 279 280 270 271 279 280 281
 271 272 280 281 282 272 273 281 282 283 273 274 282 283 284 274 275 283 284 285
 275 276 284 285 286 276 277 285 286 287 277 286 287 288 278 279 289 290 279 280
 289 290 291 280 281 290 291 292 281 282 291 292 293 282 283 292 293 294 283 284
 293 294 295 284 285 294 295 296 285 286 295 296 297 286 287 296 297 298 287 288
 297 298 299 288 298 299 289 290 300 290 291 300 301 291 292 300 301 302 292 293
 301 302 303 293 294 302 303 304 294 295 303 304 305 295 296 304 305 306 296 297
 305 306 307 297 298 306 307 308 298 299 307 308 309 299 308 309 310 300 301 301
 302 311 302 303 311 312 303 304 311 312 313 304 305 312 313 314 305 306 313 314
 315 306 307 314 315 316 307 308 315 316 317 308 309 316 317 318 309 310 317 318
 319 310 318 319 311 312 320 312 313 320 321 313 314 320 321 322 314 315 321 322
 323 315 316 322 323 324 316 317 323 324 325 317 318 324 325 326 318 319 325 326
 327 319 326 327 320 321 328 329 321 322 328 329 330 322 323 329 330 331 323 324
 330 331 332 324 325 331 332 333 325 326 332 333 334 326 327 333 334 327 334 328
 329 335 336 329 330 335 336 337 330 331 336 337 338 331 332 337 338 339 332 333
 338 339 340 333 334 339 340 341 334 340 341 335 336 342 343 344 336 337 343 344
 345 337 338 344 345 346 338 339 345 346 347 339 340 346 347 348 340 341 347 348
 349 341 348 349 350 342 343 351 352 353 343 344 352 353 344 345 353 354 345 346
 354 355 346 347 354 355 356 347 348 355 356 357 348 349 356 357 358 349 350 357
 358 350 358 351 352 359 360 352 353 359 360 353 360 354 355 361 355 356 361 362
 356 357 361 362 357 358 362 358 359 360 360 361 362 362
  0.65164552064407228E-01 -0.32020907703941317E-01 -0.33143644360465911E-01
  0.12717581055392055E-03 -0.11246519647957196E-03 -0.10876232639141472E-03
 -0.35302614197769344E-03 -0.12500322094457952E-03 -0.14181516213975673E-03
  0.16858234592611678E+00 -0.42658264699687116E-01 -0.25053785980482686E-03
 -0.31006276410080034E-03 -0.13998497142012878E-03 -0.14308897659876854E-03
 -0.11608707317912461E-03  0.12500322094457952E-03  0.35316110597923274E-20
 -0.15208825344706165E-03  0.82034243153514037E-01 -0.40945518473662359E-01
 -0.41539724707693679E-01 -0.41654467241709794E-03 -0.68513859233611560E-03
 -0.68380539413157058E-03  0.12500322094457950E-03  0.41581814890663606E-03
  0.40684191157079628E-03  0.16545472238294114E+00 -0.43781001356211720E-01
 -0.48106858099374241E-01 -0.12717581055392055E-03 -0.32612156594925001E-03
 -0.33394288481251815E-03 -0.74461004373518396E-03 -0.74049632733815196E-03
  0.19377476844258743E-19  0.14181516213975673E-03 -0.41581814890663606E-03
  0.17801566940830482E-04  0.42552566069345676E-03  0.17526721163103622E+00
 -0.41902135931007294E-01 -0.47440878963533617E-01 -0.16368445578898141E-03
 -0.13122863387216690E-03 -0.30055852745490448E-03 -0.29465287665583118E-03
 -0.73451527775664616E-03 -0.72992602714145649E-03 -0.12500322094457954E-03
 -0.44357929501187057E-20  0.15208825344706165E-03 -0.42464347851162678E-03
 -0.11878292348604018E-04  0.40962677942005614E-03  0.18763449959754951E+00
 -0.51089286403356144E-01 -0.15092966954681211E-03 -0.28527629271864846E-03
 -0.29886427405443019E-03 -0.76123547695272498E-03 -0.76387477133501829E-03
 -0.14181516213975673E-03 -0.60363996576602643E-20 -0.41364736834485267E-03
  0.25789091895430900E-04  0.43764156090669939E-03  0.71825308962783732E-01
 -0.33857659091276360E-01 -0.38796609941565773E-01 -0.92052463213695130E-03
 -0.11784472704329869E-02  0.86927466066776891E-03  0.86739410026191006E-03
  0.13091667213211666E+00 -0.47364423663915920E-01 -0.50779587538012390E-01
 -0.10508544149849328E-02 -0.10566321327604269E-02 -0.13483093463792672E-02
 -0.13530371294424755E-02  0.73560255452101071E-03 -0.86927466066776891E-03
  0.16416802690135044E-03  0.10347727674638052E-02  0.18548236169301852E+00
 -0.48781258092428601E-01 -0.48374616497687111E-01  0.42111677000156380E-03
 -0.34185807719560009E-03 -0.34545300318023529E-03 -0.13175558757297332E-02
 -0.13142464003520029E-02  0.94684968907363132E-05  0.75391497128806515E-03
 -0.10315621271632605E-02  0.17643801654147966E-04  0.10430338782883335E-02
  0.20445740459719053E+00 -0.51849114458299050E-01 -0.56397169147130395E-01
  0.44340079945741611E-03  0.44756445334723205E-03 -0.35667409286080205E-03
 -0.36401514907116859E-03 -0.14280240656885265E-02 -0.14184064404905357E-02
 -0.74507105141174712E-03  0.19051328785295231E-04  0.77208589381559403E-03
 -0.10524165691179534E-02  0.35382474544900195E-04  0.10739752592096046E-02
  0.21741968321176528E+00 -0.56784616207208956E-01 -0.62152348601839158E-01
  0.44537901352792950E-03  0.44254661635064743E-03 -0.42064380030902013E-03
 -0.42970183972980660E-03 -0.14931102981037885E-02 -0.14977081289456891E-02
 -0.77296630007336038E-03  0.30863750047253431E-04  0.80693755000291194E-03
 -0.10784163528332336E-02  0.54223103477462073E-04  0.11338592365903246E-02
  0.21901215827191174E+00 -0.54413467680152605E-01 -0.57390266641394074E-01
  0.45478450015709697E-03  0.46070499593792693E-03 -0.35805527624741460E-03
 -0.35215234722926807E-03 -0.14338925984752439E-02 -0.14541999802246695E-02
 -0.80294964386284722E-03 -0.14288531178954078E-04  0.79042894159714834E-03
 -0.11281983626870664E-02 -0.27109497677048848E-04  0.11246442203262201E-02
  0.18589218983349745E+00 -0.47531081879065562E-01  0.45522526998309756E-03
 -0.28275950498074574E-03 -0.21370055410108306E-03 -0.13066424254897138E-02
 -0.79264901882395780E-03 -0.11871591032190407E-03 -0.11067497389132757E-02
 -0.24331126661894116E-03  0.15765770588386951E+00 -0.56179694341712327E-01
 -0.63834254738300977E-01  0.94062274635074079E-03 -0.61877815765422444E-03
 -0.21347491174270723E-02 -0.21373497179434100E-02  0.14334844388619381E-02
  0.14335890589366329E-02  0.17376036686864103E-02  0.17416992677478365E-02
  0.21697955070345341E+00 -0.51863822284557939E-01 -0.58892858647338100E-01
  0.10737980618109857E-02  0.10797019263811367E-02 -0.37735626361370485E-03
 -0.36841958925881180E-03 -0.20492976513373651E-02 -0.20639123654834970E-02
 -0.14334844388619381E-02 -0.51336439883070364E-04  0.13790581082579663E-02
 -0.17376036686864103E-02 -0.72152382643261923E-04  0.16851459285046952E-02
  0.20381797486910016E+00 -0.56124676142683434E-01 -0.47899356743816561E-01
  0.10571038655521201E-02  0.10594000213594701E-02 -0.24756649764093810E-03
 -0.26106798890058664E-03 -0.18479309618423482E-02 -0.18476777182032480E-02
 -0.13822526190535622E-02  0.51926570633953837E-04  0.14400375909399750E-02
 -0.16695468851045745E-02  0.78985110718509164E-04  0.17358076526328857E-02
  0.24489211701077211E+00 -0.66999940150725461E-01 -0.66213445448764610E-01
  0.11336803006962515E-02  0.11369319650564020E-02 -0.39640332497962207E-03
 -0.41673427662799654E-03 -0.21979985607676928E-02 -0.21769310337185308E-02
 -0.14309846788919200E-02  0.12274757657851536E-03  0.15670770750917351E-02
 -0.17641310392232046E-02  0.17146684158638803E-03  0.19023119640979473E-02
  0.26116527765686981E+00 -0.62861348957108572E-01 -0.69987334161913770E-01
  0.11886182894719997E-02  0.11931331742424580E-02 -0.38785080425324473E-03
 -0.37922832294696733E-03 -0.22430134637164638E-02 -0.22487711673314363E-02
 -0.15627851675184898E-02 -0.44496466794684801E-04  0.15169783448967182E-02
 -0.19072744942192736E-02 -0.63468208054086963E-04  0.18537239914136718E-02
  0.22880235036143728E+00 -0.50396670310454450E-01 -0.58741398230756872E-01
  0.11522665307556887E-02  0.11489612421725144E-02 -0.29845456410414490E-03
 -0.26206085526766767E-03 -0.20469750874674411E-02 -0.20626811100785938E-02
 -0.15225806082970504E-02 -0.13946451971291298E-03  0.13600624757648001E-02
 -0.18388437560438607E-02 -0.20865191719902962E-03  0.16630541858295835E-02
  0.14334074786990971E+00 -0.45810465165133643E-01  0.10625291044849288E-02
  0.10375252291230654E-02 -0.22537246328437983E-03 -0.18068873298120277E-02
 -0.13775138251838051E-02 -0.13600624757648001E-02 -0.16450720742146423E-02
 -0.16630541858295835E-02  0.11913912737853665E+00 -0.58973444579784209E-01
 -0.62711052916451067E-01 -0.24034350388313785E-02 -0.26892746469047166E-02
 -0.26876658392004487E-02  0.23795027500599280E-02  0.23779455870335040E-02
  0.20031556567549988E+00 -0.69970702031250802E-01 -0.74390859198670443E-01
 -0.26159885033083299E-02 -0.26177143365079338E-02 -0.29274729278774938E-02
 -0.29253359524801992E-02  0.22708585566560351E-02 -0.23795027500599280E-02
  0.21395417163668204E-03  0.25896735078979116E-02  0.27723121820631431E+00
 -0.66823974928728074E-01 -0.77691083531902185E-01  0.18819147986021211E-02
 -0.46905827168163867E-03 -0.46531258719877320E-03 -0.29915726508361850E-02
 -0.29948199331102071E-02 -0.48946492186067312E-04  0.22179507568896812E-02
 -0.25918997586701860E-02 -0.59905906634701882E-04  0.25364625604454760E-02
  0.24775752584231263E+00 -0.54973257331442689E-01 -0.67919431648115181E-01
  0.18118691199443649E-02  0.18076306619915004E-02 -0.38915631535777928E-03
 -0.36817489930555274E-03 -0.27946215512146355E-02 -0.28089018713686338E-02
 -0.22219120644699681E-02 -0.19191225998601977E-03  0.20114473036630369E-02
 -0.25297676012632091E-02 -0.24129247677282089E-03  0.23108567587197912E-02
  0.21126070342340504E+00 -0.57989685175061769E-01 -0.50915806688419076E-01
  0.16454402556664389E-02  0.16558873187184922E-02 -0.27064287805460090E-03
 -0.27859802542739294E-03 -0.24218586442323451E-02 -0.24202976702336252E-02
 -0.20260384969036611E-02  0.54164843023983611E-04  0.20899779681139128E-02
 -0.22951700836726552E-02  0.70935360520319959E-04  0.23565995458901150E-02
  0.26147803780486512E+00 -0.69201936403719362E-01 -0.68720720683755800E-01
  0.19156218878346687E-02  0.19264649398043790E-02 -0.24370403443496307E-03
 -0.27442883674376386E-03 -0.28335224347890779E-02 -0.28121550064163729E-02
 -0.20656121466870205E-02  0.17124153617274727E-03  0.22661742506677212E-02
 -0.23817921192401115E-02  0.22695780440113240E-03  0.25761938003672045E-02
  0.27973296397726406E+00 -0.65898850190512279E-01 -0.75443399881079740E-01
  0.19754510830330998E-02  0.19713998957647851E-02 -0.31914813009640142E-03
 -0.31154995585669196E-03 -0.29535895898261657E-02 -0.29508386289731545E-02
 -0.22612195042866596E-02 -0.49068137323981320E-04  0.22028826279102640E-02
 -0.25835573502912474E-02 -0.63812452655359699E-04  0.25184374507332881E-02
  0.24531441473786946E+00 -0.54224036592746794E-01 -0.67281116653621780E-01
  0.18206957766327536E-02  0.18045468862979986E-02 -0.37935422885717967E-03
 -0.35781288362045767E-03 -0.27814560901239691E-02 -0.27902382968592718E-02
 -0.22171061133437400E-02 -0.18930723130394087E-03  0.19973614628848701E-02
 -0.25123813477118451E-02 -0.23883584858322808E-03  0.22887728231370543E-02
  0.15225468402889493E+00 -0.52885076352281635E-01  0.16110159900219347E-02
 -0.34866268723457408E-03 -0.24680322185755905E-02 -0.25406346108650717E-02
 -0.20135753966063232E-02 -0.19973614628848701E-02 -0.22796016021500596E-02
 -0.22887728231370543E-02  0.11704669687313811E+00 -0.65031447715449779E-01
 -0.54697421068239285E-01 -0.27840805627440144E-02 -0.29954312885460102E-02
  0.27959052131351250E-02  0.31129931700895961E-02  0.30763448154446400E-02
  0.28432502026309683E+00 -0.78833289579307753E-01 -0.78968517830183540E-01
  0.25051147911934359E-02 -0.50279576444161114E-03 -0.51117778208544173E-03
 -0.36273592431885406E-02 -0.36024073090414568E-02  0.28058594435600565E-03
  0.30767027968026746E-02 -0.31129931700895961E-02  0.31762597908898105E-03
  0.33940039799083488E-02  0.31394589626322276E+00 -0.82499625007758262E-01
 -0.78946189314303181E-01  0.27266605451571131E-02  0.27284593914773208E-02
 -0.26078944832389523E-03 -0.26908396740034002E-03 -0.36018649912447005E-02
 -0.35979806980888935E-02 -0.30764911574911307E-02  0.68434219596636572E-04
  0.31472958834534657E-02 -0.33939707945336206E-02  0.84386421918751022E-04
  0.34680769767121715E-02  0.32427250512443759E+00 -0.79173027225187331E-01
 -0.85830815044078825E-01  0.27859294163757724E-02  0.27848235582820391E-02
 -0.33144627402879530E-03 -0.32522722292361355E-03 -0.37619415870277311E-02
 -0.37551559136153614E-02 -0.31451370163993109E-02 -0.60759699233204874E-04
  0.30804362764025073E-02 -0.34783904018271001E-02 -0.73431878530442685E-04
  0.34012731743720974E-02  0.28952725296562800E+00 -0.64139636395015875E-01
 -0.79310888407015661E-01  0.26106998639487964E-02  0.26045564943260944E-02
 -0.40686730013758439E-03 -0.38621445619872770E-03 -0.36035871841013725E-02
 -0.36191854815767162E-02 -0.30865361842202610E-02 -0.29367084818294806E-03
  0.27751300812317563E-02 -0.33946450981817291E-02 -0.34522044168380548E-03
  0.30733032941283756E-02  0.23497104933146522E+00 -0.61697772065256409E-01
 -0.58954724762760016E-01  0.22704985373609508E-02  0.22785177407385770E-02
 -0.34899822676695171E-03 -0.34493575351383687E-03 -0.31103302325739008E-02
 -0.31117561602071566E-02 -0.27867654282195584E-02 -0.55092962637046945E-04
  0.27410386870809997E-02 -0.30560527326882925E-02 -0.65038150969827448E-04
  0.30015375669154363E-02  0.26776988789408973E+00 -0.75082019739387391E-01
 -0.62423087562841584E-01  0.26190988405204423E-02  0.26284544613628591E-02
  0.92227329432566094E-05 -0.45806723066300332E-04 -0.32088245321054560E-02
 -0.32078517100646922E-02 -0.27200371185947092E-02  0.25992677767382144E-03
  0.30081889914280686E-02 -0.30082651431585479E-02  0.34643942148602100E-03
  0.33152267681636856E-02  0.30071028380916416E+00 -0.77169990688022327E-01
 -0.73423603053229076E-01  0.27461714931099364E-02  0.27444472595957463E-02
 -0.11847343106560819E-03 -0.12519476869131667E-03 -0.35146517552721033E-02
 -0.34817207296260486E-02 -0.30009654647548216E-02  0.38700336102059483E-04
  0.30412173417308441E-02 -0.33479769884014567E-02  0.49832487736707085E-04
  0.33648823102018426E-02  0.28353937695700031E+00 -0.66340853225610674E-01
 -0.73505474278123719E-01  0.25979839711577153E-02  0.25924312508586178E-02
 -0.30335887522331886E-03 -0.28055837903299681E-03 -0.34838442528300808E-02
 -0.34745388735900429E-02 -0.30468893275301276E-02 -0.21254367334357487E-03
  0.28221000395533920E-02 -0.33650592559003929E-02 -0.25830926731549937E-03
  0.31129985277462460E-02  0.22235828922818577E+00 -0.37420686120111353E-01
 -0.66747376805003400E-01  0.23076553920043699E-02 -0.47255594842563635E-03
 -0.46341022643205445E-03 -0.33052106880651588E-02 -0.33171801838300703E-02
 -0.28286736683872689E-02 -0.64022870361258040E-03 -0.31065730428863430E-02
 -0.72391847424734355E-03  0.23515492691891344E-02  0.69186156009852171E-01
 -0.33403459757008842E-01 -0.21665855951397988E-02 -0.24176103355154046E-02
 -0.21818713359408122E-02 -0.23890800534989025E-02 -0.23515492691891344E-02
  0.16565061125356295E+00 -0.68647366468462128E-01 -0.41854970713649600E-01
  0.29276419760415822E-02  0.20669026951160965E-03 -0.30003299008689144E-02
  0.34411686744157031E-02  0.34681158762498017E-02  0.38807338291869300E-02
  0.37009473768889549E-02  0.30701519147855016E+00 -0.78884597723820491E-01
 -0.81030227742361856E-01  0.34763090418382410E-02  0.34833599412007494E-02
 -0.91026399960914226E-04 -0.12147555291123544E-03 -0.43209277897189775E-02
 -0.41712964993876787E-02 -0.34411686744157031E-02  0.22403987232960230E-03
  0.36921219343246210E-02 -0.38807338291869300E-02  0.27064850403064167E-03
  0.39710899613622015E-02  0.32079005922276327E+00 -0.82046556001469444E-01
 -0.81453340429457217E-01  0.34829014972626950E-02  0.34892814865937520E-02
 -0.13174063741093107E-03 -0.14024988806457708E-03 -0.41826667570112459E-02
 -0.41785863185517318E-02 -0.36921557485794043E-02  0.69208644786485323E-04
  0.37717134542635384E-02 -0.39715958809195966E-02  0.83377396901448044E-04
  0.40461106601582362E-02  0.34287680738990503E+00 -0.86108576660132279E-01
 -0.89533963120258964E-01  0.36274584199510236E-02  0.36244778750967033E-02
 -0.14938325232374785E-03 -0.15970231370400844E-03 -0.43889726814267469E-02
 -0.43853621100719238E-02 -0.37613305791111062E-02  0.85268830300234519E-04
  0.38504360535978526E-02 -0.40544673582636497E-02  0.10216329002499405E-03
  0.41496173906047069E-02  0.32730181488366403E+00 -0.74470378742152219E-01
 -0.88322699349358498E-01  0.34908997679003551E-02  0.34848339403616646E-02
 -0.29252263648204192E-03 -0.27177261794647336E-03 -0.43542961446617827E-02
 -0.43565964540446149E-02 -0.38569822845637729E-02 -0.25414942243210619E-03
  0.35847350195090524E-02 -0.41482739501832313E-02 -0.29471091337442662E-03
  0.38606123467535172E-02  0.26685675602652879E+00 -0.59411943776319216E-01
 -0.75239391358193899E-01  0.30214789035585077E-02  0.30154960387730716E-02
 -0.49833179296118857E-03 -0.49595334899911299E-03 -0.40171817590367853E-02
 -0.40195093903826242E-02 -0.35962866311657464E-02 -0.38140846320739890E-03
  0.32101720604094837E-02 -0.38549064772302808E-02 -0.41314628082731906E-03
  0.34468373125594951E-02  0.24237505926295007E+00 -0.59826755134525644E-01
 -0.60944819596128816E-01  0.30959914234647345E-02  0.31304386531392137E-02
 -0.16469749024850171E-04 -0.18113661626497082E-04 -0.36208045010037622E-02
 -0.36283320953443541E-02 -0.32033265563016529E-02  0.10210518876770520E-04
  0.32533460572033253E-02 -0.34474660659261982E-02  0.12645292758582607E-04
  0.34685127799279867E-02  0.25970321675481816E+00 -0.69171750638270240E-01
 -0.56705396397977204E-01  0.33618721754014782E-02  0.33659249016354331E-02
  0.41604846458835452E-03  0.35128491366660413E-03 -0.34909498242740877E-02
 -0.35081193494110630E-02 -0.32203825792862539E-02  0.21209530085492121E-03
  0.34656233134771597E-02 -0.34594826053180787E-02  0.29533406843371562E-03
  0.37317209297892773E-02  0.28168821873975833E+00 -0.74126007048546896E-01
 -0.64761130107185085E-01  0.33676238816321931E-02  0.33532734362294074E-02
  0.15640291458288851E-03  0.13283339572761408E-03 -0.37851909275803388E-02
 -0.37265353876032554E-02 -0.34654413580582464E-02  0.11237984632051792E-03
  0.35717860280153575E-02 -0.37638468483617027E-02  0.14651021894093372E-03
  0.38466929735230453E-02  0.28321441147278197E+00 -0.63935735569589216E-01
 -0.79462221901949626E-01  0.32020165601792443E-02  0.32719752813387015E-02
 -0.39271699974830900E-03 -0.38243230234992422E-03 -0.41595396470069632E-02
 -0.41353172236031730E-02 -0.35780031597976776E-02 -0.24257076000898716E-03
  0.34298923902156266E-02 -0.38782311487302117E-02 -0.27205207874168429E-03
  0.35809630261321161E-02  0.15807443399424573E+00 -0.62554307072530797E-01
  0.22783058140984989E-02 -0.89806292670834171E-03 -0.36670260638269965E-02
 -0.36883348693730889E-02 -0.33292152680063705E-02 -0.34298923902156266E-02
 -0.35746408947813606E-02 -0.35809630261321161E-02  0.97492643843041673E-01
 -0.53125839929263465E-01  0.31198304182017500E-02  0.31803880427775750E-02
  0.34801979315589660E-02  0.36021511673237128E-02  0.36861493093290560E-02
  0.27262939308841192E+00 -0.83597787513255817E-01 -0.53393116041760287E-01
  0.41398065770692556E-02  0.41442698347022393E-02  0.10037231238903130E-02
  0.70604297732980665E-03 -0.37843197689629116E-02 -0.34801979315589660E-02
  0.75999761210895391E-03  0.43626639144595556E-02  0.11176454951549046E-02
  0.46315586051568163E-02  0.33405696996407914E+00 -0.89058993703633664E-01
 -0.80131922879624433E-01  0.41545464487627122E-02  0.41592366486295091E-02
  0.45039571771865559E-04  0.27296781283761429E-04 -0.48429352786585147E-02
 -0.46055667844001675E-02 -0.43621487794326654E-02  0.13585313629177058E-03
  0.45067494681192652E-02 -0.48037948044839602E-02  0.16350546933500418E-03
  0.47666876597730905E-02  0.36464324231534184E+00 -0.91776405479522154E-01
 -0.94909620198022626E-01  0.43516808179375168E-02  0.43550553516551007E-02
 -0.11008241808410295E-03 -0.11644971532793043E-03 -0.50409248253385863E-02
 -0.50214095891807995E-02 -0.44985170507513264E-02  0.64475852597235503E-04
  0.45698597230022475E-02 -0.47950640744918207E-02  0.74756133047970952E-04
  0.48478370135832085E-02  0.35983280787711851E+00 -0.89700971242921241E-01
 -0.90459411475709572E-01  0.43268971037051829E-02  0.43222888113744444E-02
 -0.42469269507941956E-04 -0.36770304242407885E-04 -0.48959986789015248E-02
 -0.48998004884920805E-02 -0.45712253207164997E-02 -0.49580209176749941E-04
  0.45159899710395592E-02 -0.48414437928210612E-02 -0.58482858350536260E-04
  0.47900767352284008E-02  0.33133955818819061E+00 -0.77600134337993829E-01
 -0.89980591549891074E-01  0.39952375033789282E-02  0.39943057646341277E-02
 -0.38491884834242235E-03 -0.37505681604761461E-03 -0.48860924237026913E-02
 -0.48828590261913281E-02 -0.45202795138254981E-02 -0.31320473250846637E-03
  0.42065249196351031E-02 -0.47893541552326724E-02 -0.34189085044054583E-03
  0.44522353082373085E-02  0.27456411991914158E+00 -0.57487769511272182E-01
 -0.79934761733699151E-01  0.35942464606032964E-02  0.35949046510406109E-02
 -0.53523027975859447E-03 -0.54694859084098333E-03 -0.45992399764020391E-02
 -0.46065700101833249E-02 -0.42027852385310922E-02 -0.57840266492727865E-03
  0.36188842430137291E-02 -0.44481858847878541E-02 -0.60289514811076526E-03
  0.38385904129034664E-02  0.22100736355939743E+00 -0.51032817266928632E-01
 -0.55918656434802934E-01  0.34766688074582981E-02  0.35086116920176025E-02
  0.36414214962902443E-04  0.64162154262005071E-04 -0.38734636644346097E-02
 -0.38479992988845169E-02 -0.36281222547078240E-02 -0.19244932098352173E-03
  0.34594806368979918E-02 -0.38493401601265443E-02 -0.23134555659770686E-03
  0.36090412827912255E-02  0.23954556428293445E+00 -0.69588606416199585E-01
 -0.53674774821653513E-01  0.37175561346960251E-02  0.37321676760153903E-02
  0.43015215544239611E-03  0.30555683693559148E-03 -0.37683716273906716E-02
 -0.37769478466710811E-02 -0.34264349220302086E-02  0.51767568218584383E-03
  0.40076476952226976E-02 -0.36072448563057602E-02  0.67879839431876334E-03
  0.42154916788532439E-02  0.31231767575697109E+00 -0.78699410946362995E-01
 -0.85192392291706120E-01  0.41005123482760713E-02  0.41029525048020652E-02
 -0.10499577487088376E-03 -0.12772972993390073E-03 -0.48101978640754322E-02
 -0.47479260274243229E-02 -0.39771563190838366E-02  0.22946260608619649E-03
  0.42347393036279248E-02 -0.42878396771099894E-02  0.26454698425464516E-03
  0.44799896170861517E-02  0.28021879879259238E+00 -0.55324393146001727E-01
 -0.85286278551670556E-01  0.36468018265081854E-02 -0.62656003949677395E-03
 -0.65855637112538377E-03 -0.47505860108421789E-02 -0.48683599110877589E-02
 -0.42371103013088955E-02 -0.66352743789346640E-03 -0.44800386631078908E-02
 -0.67835785925803442E-03  0.39852288790127034E-02  0.84442031948483312E-01
 -0.31085740674216336E-01 -0.28911659241144555E-02 -0.29821958707307621E-02
 -0.35712118657344600E-02 -0.38016317578281168E-02 -0.39852288790127034E-02
  0.10427151957977558E+00 -0.47269488257062555E-01  0.38182572414916581E-02
  0.39667261802463560E-02  0.40401072272476091E-02  0.36790710571547276E-02
  0.38432520357725242E-02  0.21818537327814620E+00 -0.85367733563486343E-01
  0.46852750008464641E-02  0.46995993801915521E-02  0.51702760376834433E-02
  0.49168634753943827E-02 -0.36790710571547276E-02  0.10684239613264175E-02
  0.49397447864033879E-02  0.52417476597820674E-02  0.33980708034158917E+00
 -0.93296097688027597E-01 -0.64262373571212574E-01  0.50843501734719618E-02
  0.50870619041522271E-02  0.99384423840715534E-03  0.93033859793575964E-03
 -0.55686224589436417E-02 -0.49116759970989401E-02  0.20430072021506316E-03
  0.51374627388850520E-02  0.29129575663696716E-03  0.56865555949507591E-02
  0.32959342289164284E+00 -0.90399388165913290E-01 -0.52988461853876858E-01
  0.49729248899389500E-02  0.49694438929770239E-02  0.10921900744584860E-02
  0.11171002184143215E-02 -0.47901397048155827E-02 -0.41203406946403511E-02
 -0.51440455066184505E-02 -0.76457394771456890E-04  0.50602565290117525E-02
 -0.55330434164190336E-02 -0.11720421817234392E-03  0.53114001382666673E-02
  0.35779875367098422E+00 -0.92955308332484723E-01 -0.84204383600348898E-01
  0.49570220712790922E-02  0.49491275389603455E-02  0.27058834592337089E-03
  0.26027336660201836E-03 -0.55251852745811512E-02 -0.51344722860912650E-02
 -0.50610053441135960E-02  0.67641665172473679E-04  0.51245750599971052E-02
 -0.55693513767784166E-02  0.82036832925962884E-04  0.53678597094995073E-02
  0.34680328534655729E+00 -0.79514175221220746E-01 -0.95607509205562398E-01
  0.46689287661497465E-02  0.46899578156108639E-02 -0.34219236156079971E-03
 -0.33263499259515945E-03 -0.54978146023274457E-02 -0.54851504697209421E-02
 -0.51278981941842261E-02 -0.37740657967223039E-03  0.47724999689094094E-02
 -0.53934369711926298E-02 -0.40487301503287281E-03  0.49825724985678281E-02
  0.26663760106326926E+00 -0.58836279912840794E-01 -0.73684219562300193E-01
  0.39116946099786535E-02  0.39015012225490114E-02 -0.49234863229581247E-03
 -0.50556499834246686E-03 -0.48031178110714636E-02 -0.48047083036620775E-02
 -0.47471684803248761E-02 -0.69417568235703717E-03  0.40765591202592368E-02
 -0.49629866944666334E-02 -0.70949287739526330E-03  0.42743375722704160E-02
  0.23952480086493284E+00 -0.68939681983052630E-01 -0.58490819912672034E-01
  0.38243244138034980E-02  0.38909631447021692E-02 -0.88696774312118212E-04
 -0.11209224531930928E-03 -0.42834707521916489E-02 -0.42974720654485212E-02
 -0.40783242865523723E-02  0.34619751677367594E-03  0.44709488844489655E-02
 -0.42730796211725650E-02  0.38909238697070014E-03  0.46321312982525518E-02
  0.33615862959401266E+00 -0.92303799270417493E-01 -0.90202061562675535E-01
  0.48192794086445296E-02  0.48161384230823154E-02  0.23288331858953848E-04
 -0.40133397204016701E-04 -0.53432888291732974E-02 -0.53087977108127653E-02
 -0.44227566370329123E-02  0.63546318985749277E-03  0.51064598845772373E-02
 -0.46634299592411139E-02  0.72455289785388981E-03  0.53440167556535485E-02
  0.34062898408142779E+00 -0.61181712536282831E-01 -0.10323112859035102E+00
  0.48187387499711933E-02  0.48770120924217650E-02 -0.38090644663746875E-03
 -0.36926872985833779E-03 -0.56911164139970776E-02 -0.56967434723403318E-02
 -0.51064120743064576E-02 -0.84600037228841138E-03  0.43228374168334343E-02
 -0.53566841961064418E-02 -0.90217818768602527E-03  0.43811040706375541E-02
  0.14481542967303643E+00 -0.54194458140736081E-01  0.30865838666661851E-02
 -0.79446228606203881E-03 -0.42377832570303040E-02 -0.41181343675481665E-02
 -0.42604595122888256E-02 -0.43228374168334343E-02 -0.44418385679675225E-02
 -0.43811040706375541E-02  0.87324924162168021E-01 -0.18288608438255086E-01
  0.47137661934034556E-02  0.47596075169031566E-02  0.59823059258290590E-02
  0.30790741391545589E-02  0.29168109121820747E-02  0.26052272667316378E-02
  0.13183761566780090E+00 -0.43055155349263403E-01 -0.14656213913415106E-01
  0.44418984791696694E-02  0.44194981020928470E-02  0.29019608738215856E-02
  0.18102819847032350E-02 -0.26076784405088334E-02 -0.30790741391545589E-02
  0.93278791433917831E-03  0.40949867167059208E-02  0.20549465700624960E-02
  0.40395718651411991E-02  0.28878881066479330E+00 -0.85890523500344091E-01
 -0.74942856822390329E-01  0.53131741057170405E-02  0.53205469806147798E-02
  0.80761389985686503E-03  0.47254138037644715E-03 -0.53929970192043619E-02
 -0.51813114908100069E-02 -0.38495988265212526E-02  0.12798034048717963E-02
  0.54010367859874364E-02 -0.46601738367941330E-02  0.15717495856172219E-02
  0.55748144539996574E-02  0.37647233499241728E+00 -0.90101183507633689E-01
 -0.10560470587910018E+00  0.56424859053182175E-02  0.56406253583504649E-02
 -0.41638491473312049E-04 -0.50180140739512105E-04 -0.61739144134705484E-02
 -0.61425032902226810E-02 -0.53747901215777159E-02  0.11806258322093046E-03
  0.55050550327474284E-02 -0.56113214507584219E-02  0.13015309880270620E-03
  0.57082471452093380E-02  0.32920651963586440E+00 -0.74091421282115002E-01
 -0.92735225631173872E-01  0.49714034942249254E-02  0.49563965767578742E-02
 -0.41221152584400862E-03 -0.41462802263892042E-03 -0.57541550262283447E-02
 -0.57583884409740413E-02 -0.55190993692083676E-02 -0.51133526539564089E-03
  0.49968502698796202E-02 -0.57049675528023638E-02 -0.52809066222588230E-03
  0.51794846376902743E-02  0.28592000934114541E+00 -0.80176056347593931E-01
 -0.74330619412537491E-01  0.44172348718418686E-02  0.44522044264590752E-02
 -0.39002314466432804E-03 -0.38952467937546725E-03 -0.51600661718143135E-02
 -0.51662903120122969E-02 -0.49937197673517879E-02  0.21812165751986603E-03
  0.52213545672322628E-02 -0.51801564829834561E-02  0.22417988026787166E-03
  0.53918066087619838E-02  0.37304828179967631E+00 -0.10127562737313298E+00
 -0.10228113136847068E+00  0.54918020742797893E-02  0.54885156673967828E-02
 -0.11942479309085199E-03 -0.15128402358581308E-03 -0.60598082743764170E-02
 -0.60456363270236215E-02 -0.52149719273994855E-02  0.60907882606918005E-03
  0.58425848021165976E-02 -0.54036645179581466E-02  0.66270742584276556E-03
  0.60515876198352867E-02  0.40741605894708668E+00 -0.98510935774940087E-01
 -0.10448018818753384E+00  0.58576549030729295E-02  0.59802276371732352E-02
  0.19969531937130295E-03  0.20846005419678653E-03 -0.61132266443210721E-02
 -0.64309166486308182E-02 -0.58304333933014405E-02 -0.74601826917657341E-04
  0.59219392211132202E-02 -0.60545140346047503E-02 -0.85916325071621618E-04
  0.62700179298561673E-02  0.26649776167015853E+00 -0.55918490316587661E-01
 -0.58162553936016508E-01  0.42737647849037579E-02 -0.83050764416186400E-04
  0.12086018732529817E-04 -0.45576817719006559E-02 -0.57679829751989402E-02
 -0.15862193545899226E-02 -0.59656712947636645E-02 -0.17740130680908908E-02
  0.55918490316587661E-01 -0.43357198665232977E-02 -0.44960048617652761E-02
  0.98101001939669104E-01 -0.46547029259859487E-01 -0.38765582372863179E-01
  0.24238384872718650E-02  0.28257772878519919E-02 -0.10446806658830023E-02
 -0.41963701124647157E-02  0.48297718810260246E-02  0.44172149962287168E-02
  0.44076165719491929E-02  0.45638543176157196E-02  0.31017407175394340E+00
 -0.94808025674257159E-01 -0.95354252674617364E-01  0.55389236181560877E-02
  0.54474736896905682E-02 -0.44547496421506878E-03 -0.40339034241794742E-03
 -0.61699291604334503E-02 -0.61530213890788765E-02 -0.48297718810260246E-02
  0.16394649780447565E-02  0.60796561311359909E-02 -0.44076165719491929E-02
  0.16683392936714528E-02  0.62251664332755450E-02  0.41957106194832470E+00
 -0.10911357830268600E+00 -0.11023367530054444E+00  0.64244643536586574E-02
  0.64189953659259373E-02  0.22486308776062427E-03  0.18439122663785561E-03
 -0.66212250628471772E-02 -0.66533993149810025E-02 -0.60566799742734734E-02
  0.40938694139846135E-03  0.64868833243491721E-02 -0.62321936112871708E-02
  0.45994470494615198E-03  0.67127774263217743E-02  0.39446886582674207E+00
 -0.94011773216637060E-01 -0.98942302422011217E-01  0.60186263532569040E-02
  0.60230820348003808E-02  0.78913952276311496E-04  0.11369155807706872E-03
 -0.62754603923871333E-02 -0.62774443974016867E-02 -0.64890430725344528E-02
 -0.46118744499754447E-03  0.60311483734769649E-02 -0.66851111382216981E-02
 -0.51250249299343986E-03  0.62091150297999569E-02  0.35709898353606331E+00
 -0.97223774655850317E-01 -0.92864585502956309E-01  0.53916781289988114E-02
  0.54073864022533815E-02 -0.35049555509188135E-03 -0.35065458452991627E-03
 -0.60729057087634422E-02 -0.60705033345097696E-02 -0.60256958793516269E-02
  0.10956272793957520E-03  0.61402330778794703E-02 -0.62002749333283349E-02
  0.11251457826777471E-03  0.63029419569995841E-02  0.41085277232760289E+00
 -0.10517280342768482E+00 -0.10632343333093566E+00  0.63291766708536477E-02
  0.63235663008385279E-02  0.21797271337216988E-03  0.19530335985091135E-03
 -0.65139285284080559E-02 -0.65889120198511542E-02 -0.61407111014165405E-02
  0.23114648255836761E-03  0.63744503824491519E-02 -0.63216296080677328E-02
  0.26023020308713871E-03  0.66377382133390910E-02  0.35751735347142306E+00
 -0.60744615453356801E-01 -0.85454164392012348E-01  0.63880943709994220E-02
  0.63851568003950767E-02  0.85941048611468016E-03  0.12357811418769922E-02
 -0.58336667199486847E-02 -0.63713795604378385E-02 -0.12782406048111863E-02
  0.48407611385035700E-02 -0.65631721600867223E-02 -0.16223707679734991E-02
  0.12356758477914573E+00  0.50070945253538168E-02  0.47654979054062867E-02
  0.49228770536418498E-02 -0.50962097776379647E-02 -0.48407611385035700E-02
 -0.50153674453655919E-02  0.21802606913435363E+00 -0.90728976506161167E-01
 -0.92854332958710799E-01  0.41901327086160247E-02 -0.16542931329646851E-02
 -0.63384636809472950E-02 -0.63638312356374467E-02  0.66876022213426083E-02
  0.62694573003446186E-02  0.64051532787075747E-02  0.64243074995029792E-02
  0.41632982966051912E+00 -0.11145249820243617E+00 -0.12057385320239828E+00
  0.68046003108862854E-02  0.65108129327644892E-02 -0.40002277628688523E-03
 -0.39161724824887347E-03 -0.72236420807377382E-02 -0.72328434786114233E-02
 -0.66876022213426083E-02  0.66017345421191909E-03  0.69354222755006152E-02
 -0.64051532787075747E-02  0.66914417526924499E-03  0.71065303934331396E-02
  0.43015610563886213E+00 -0.98500297142264301E-01 -0.10957954005140416E+00
  0.69924981161557556E-02  0.69995992327196159E-02  0.43400574558060807E-03
  0.48206653245141364E-03 -0.68827622119812482E-02 -0.69150330000014426E-02
 -0.69296307545565385E-02 -0.38375227597356405E-03  0.65225911318214402E-02
 -0.70934516747722229E-02 -0.43869385656356314E-03  0.67018444534262187E-02
  0.38561006935461446E+00 -0.97435514969219490E-01 -0.89668579226769172E-01
  0.66588717929927714E-02  0.66260945721292375E-02  0.68367095267105684E-03
  0.68908319402792717E-03 -0.62255468479543019E-02 -0.62280756280231477E-02
 -0.65516699995270518E-02 -0.33299238020690662E-04  0.64800285131330195E-02
 -0.66678365368695758E-02 -0.39867898040291809E-04  0.66340803822097518E-02
  0.39430314172260722E+00 -0.10166285911891975E+00 -0.10287906888694003E+00
  0.64285117857810476E-02  0.64359797387119571E-02  0.59045899012168599E-04
  0.51249147164548292E-04 -0.66999748196219251E-02 -0.67444309735652954E-02
 -0.64892918938007504E-02  0.13646053623158951E-03  0.66352371778453225E-02
 -0.66619765553859276E-02  0.14777018077388703E-03  0.68410830769131215E-02
  0.37977760580972730E+00 -0.84260822111694935E-01 -0.85495934393084809E-01
  0.68662302581294394E-02  0.68742190341011131E-02  0.10581291943127431E-02
  0.11919145814287344E-02 -0.60893057640605894E-02 -0.62597388632374686E-02
 -0.66164890493646089E-02 -0.52498890150470814E-03  0.60344076162152600E-02
 -0.67818505629836379E-02 -0.66728301134493879E-03  0.63230144130739676E-02
  0.23199537555385192E+00 -0.59923335142662335E-01  0.62327801694388523E-02
  0.61967257747808446E-02  0.12218213925423773E-02 -0.51002011967424199E-02
 -0.52244845795654671E-02 -0.61102482763406138E-02 -0.60344076162152600E-02
 -0.61738000655681819E-02 -0.63230144130739676E-02  0.18070422025550837E+00
 -0.96746549654540956E-01 -0.91772806076447342E-01 -0.64289388904036171E-02
 -0.66733918103994476E-02 -0.65499768646748082E-02  0.67531262048104228E-02
  0.69012355376275361E-02  0.69033820954891398E-02  0.43919802342685346E+00
 -0.12483304067337726E+00 -0.12729842837923742E+00  0.67633492268766577E-02
 -0.66860549504298987E-03 -0.62172753930625726E-03 -0.76947170655185184E-02
 -0.78964144421917490E-02  0.94857287108263506E-03  0.76718239503148231E-02
 -0.69012355376275361E-02  0.91837374400837355E-03  0.80036974950386934E-02
  0.45655166462049310E+00 -0.11845746380006181E+00 -0.89525392941796049E-01
  0.77300817846583882E-02  0.77009354828984300E-02  0.13868740363403944E-02
  0.14314256204592151E-02 -0.64511425015731607E-02 -0.64638304094100798E-02
 -0.77016990758930586E-02 -0.18895884234597009E-03  0.74693609787000383E-02
 -0.78217558394975129E-02 -0.24858783066905028E-03  0.76272381887053378E-02
  0.44432866517105998E+00 -0.10016068993285485E+00 -0.11622631045898300E+00
  0.73549826904234710E-02  0.73406601016348656E-02  0.27221896969990738E-03
  0.32013028808675088E-03 -0.75125819744352951E-02 -0.73542692370653757E-02
 -0.74828651079688555E-02 -0.56883208780143466E-03  0.68676826636622179E-02
 -0.77551096643696411E-02 -0.62611742514892956E-03  0.70192043071128731E-02
  0.37978066499210907E+00 -0.94124640822023657E-01 -0.95978973777996437E-01
  0.66742108431768621E-02  0.66706600122325854E-02  0.21039522991372626E-03
  0.22523459763334706E-03 -0.66690103992705252E-02 -0.66762837283479772E-02
 -0.69005288908986042E-02 -0.20744688759790288E-03  0.66890667284597694E-02
 -0.70011207635564086E-02 -0.22729935816078304E-03  0.67942740542903444E-02
  0.37729079473389122E+00 -0.84561275512050500E-01 -0.94576917877480078E-01
  0.71152440998673612E-02  0.71208981336788968E-02  0.78516510199546499E-03
  0.84207841401494257E-03 -0.66249199096977218E-02 -0.66336148542601459E-02
 -0.66602357760643160E-02 -0.30684675590257031E-03  0.63209887502734396E-02
 -0.67919049489520891E-02 -0.36278695547543900E-03  0.64478156501995310E-02
  0.31078107859392019E+00 -0.58417637800762989E-01 -0.81607900797703543E-01
  0.65481804774562358E-02  0.64910753557083183E-02  0.57549674950847853E-03
  0.73747097517014204E-03 -0.61475147602394129E-02 -0.61475753626485483E-02
 -0.63822199725571993E-02 -0.92016897875616586E-03  0.52561230114485831E-02
 -0.64314870988149053E-02 -0.10676610741260464E-02  0.53457321289205009E-02
  0.22439012569514900E+00 -0.42044854587633411E-01 -0.64102820510373988E-01
  0.55656195840330014E-02  0.20034962192570696E-03  0.26943051316194184E-03
 -0.54838973100757835E-02 -0.54601184332042232E-02 -0.54008197715172734E-02
 -0.68833337260740599E-03 -0.53801545760734859E-02 -0.75442737350405844E-03
  0.45539225090038213E-02  0.77714132301951366E-01 -0.38989525115830563E-01
 -0.41944629870556955E-02 -0.43204617423304015E-02 -0.45677896388411785E-02
 -0.45913047554164415E-02 -0.45539225090038213E-02  0.78949645542134919E-01
 -0.66035529956738612E-01 -0.14155596896060494E-01 -0.35270043024041335E-02
 -0.32561006920600888E-02  0.59184129944631199E-02  0.79755839116264795E-02
  0.60113019760812536E-02  0.39384671876928579E+00 -0.12386732854683804E+00
 -0.11359063617467040E+00  0.70273717439171453E-02 -0.23584095868712494E-03
 -0.22951110587237102E-03 -0.79622899267051706E-02 -0.79710713400989475E-02
  0.20374621944111992E-02  0.79357199884268601E-02 -0.79755839116264795E-02
  0.20672880393307866E-02  0.83806460495875807E-02  0.42129766603457854E+00
 -0.87852046338350540E-01 -0.77201117452336891E-01  0.82790881236627669E-02
  0.82580558680985021E-02  0.20915258649873323E-02  0.25258897480593676E-02
 -0.62433763736822288E-02 -0.79558751888743195E-02 -0.10773459082647212E-02
  0.66813815510608041E-02 -0.80785900154120380E-02 -0.15616387881819551E-02
  0.26907788128105881E+00 -0.83367039354940662E-01  0.70864026347108924E-02
  0.70486616107629416E-02  0.70516421612295099E-02  0.70655111132513859E-02
 -0.68583740801621387E-02 -0.15998153925012950E-03  0.66521342074987722E-02
 -0.68190072614056252E-02  0.65975608205121379E-02  0.40982596475540438E+00
 -0.11228293864999037E+00 -0.95507046422635007E-01  0.78988730697443010E-02
  0.78849320714031235E-02  0.14670369965708980E-02  0.12340016094159987E-02
 -0.68429418135924465E-02 -0.65214000118106741E-02  0.90524126556923541E-03
  0.75414879942844006E-02  0.11272611894583360E-02  0.76595985712096750E-02
  0.42008062896370335E+00 -0.95830400469642516E-01 -0.11734569852755210E+00
  0.71837977373882662E-02  0.71705884907523130E-02 -0.18933764642488528E-03
 -0.18641018796640161E-03 -0.76546206701184811E-02 -0.76498707495229663E-02
 -0.75573754730680074E-02 -0.56679331795219472E-03  0.69721467669828510E-02
 -0.77248220099704739E-02 -0.57863523893496023E-03  0.71571188990326533E-02
  0.36218121720299976E+00 -0.91548232998045123E-01 -0.78288109186065791E-01
  0.71205048781800446E-02  0.71112350518692455E-02  0.10628156254074810E-02
  0.10923244355148365E-02 -0.62047609549589531E-02 -0.62670545916269234E-02
 -0.69746946763322049E-02 -0.14861099264030686E-03  0.68074627750974690E-02
 -0.70809633322747150E-02 -0.18438318165139890E-03  0.69629410858428447E-02
  0.34327206715736720E+00 -0.89474762432850579E-01 -0.80066822932167661E-01
  0.66224664679028686E-02  0.66483775781449017E-02  0.50015401791437464E-03
  0.50833379630194191E-03 -0.63492992838586009E-02 -0.63459722683848856E-02
 -0.68235357743425435E-02 -0.77466090087755211E-04  0.67737292946495771E-02
 -0.69727357173812532E-02 -0.88283010659115391E-04  0.68940838655005932E-02
  0.29168321798638601E+00 -0.62452031914717647E-01 -0.76385873652040210E-01
  0.58546452027453535E-02  0.59271385326227177E-02 -0.89804261541901766E-04
 -0.69776217121513193E-04 -0.61763125127195604E-02 -0.67299966850097137E-02
 -0.11391227520151879E-02  0.57168433585513956E-02 -0.68746580751837296E-02
 -0.11779538171977024E-02  0.10507086711887896E+00  0.45849013622045725E-02
  0.47226286151277410E-02 -0.56346065426343905E-02 -0.57168433585513956E-02
 -0.57161300483028921E-02  0.88440922323494284E-01 -0.60684662255649329E-01
 -0.13447645236619532E-01  0.38660681659038868E-02  0.83559369561812691E-04
 -0.26593109914259161E-02  0.70583787968939653E-02  0.60930950050752886E-02
  0.77611227357674126E-02  0.57814548266005392E-02  0.31108674698478329E+00
 -0.60305552362039725E-01 -0.72057957440470144E-01  0.82543472699943532E-02
  0.80995372600331841E-02  0.27173354266370175E-02  0.27263114870635921E-02
 -0.75176859642813625E-02 -0.70583787968939653E-02 -0.12363342292497801E-04
  0.57772097031301772E-02 -0.77611227357674126E-02 -0.17464431445287931E-04
  0.14492829647132317E+00  0.69269597717131992E-02  0.66925059211117262E-02
  0.68435750502477291E-02 -0.60807316627827905E-02 -0.57772097031301772E-02
 -0.57639903951552522E-02  0.20309458586228017E+00 -0.98406096669803489E-01
  0.73932548939595453E-02  0.74590078201722427E-02  0.75007789155883628E-02
  0.72722349496089222E-02  0.73389317384252770E-02  0.73721162018292610E-02
  0.41439419299339644E+00 -0.99299712847597537E-01 -0.96751642277625471E-01
  0.81981237639731219E-02  0.82036295369421079E-02  0.14165992665334572E-02
  0.14093874375088314E-02 -0.75942821390633144E-02 -0.72722349496089222E-02
  0.28672098250371265E-04  0.73161551643120788E-02  0.35526478168134155E-04
  0.78040815150069580E-02  0.30036335285125491E+00 -0.63582145013951186E-01
 -0.56765723697942629E-01  0.67727686596308718E-02  0.67508410500483240E-02
  0.11719327001749009E-02  0.15056907742586290E-02 -0.54360605893721274E-02
 -0.73676038366756478E-02 -0.14030592686086177E-02  0.59237789915146060E-02
 -0.74076426799973936E-02 -0.18538265419585944E-02  0.21533441957024690E+00
 -0.63988334185675724E-01  0.68175101672140634E-02  0.68086166484923671E-02
  0.69596807183904126E-02  0.69560338647130209E-02 -0.59130958957034636E-02
  0.15777714190334948E-04  0.59184079657063400E-02 -0.59502549730483647E-02
  0.14771746211716512E+00  0.66690591480550578E-02  0.66186146821876743E-02
  0.67700640942861359E-02 -0.59395567057049412E-02 -0.59184079657063400E-02
  0.35465678494463204E-01 -0.20691036393543971E-01  0.38295131626140662E-02
  0.29217284842082440E-02  0.34575820280678378E-02  0.42225003240414622E-02
  0.99859583226345716E-01  0.66034972866620221E-02  0.66042109251555754E-02
  0.82595218415564098E-02 -0.34575820280678378E-02 -0.42225003240414622E-02
  0.15510105479836676E+00 -0.48802081098832790E-01  0.76620627611353695E-02
  0.76642659209131967E-02  0.83436764313593219E-02  0.56534309111971348E-02
  0.52831839630345456E-02  0.11116937563103169E+00  0.61848084439315940E-02
  0.58931356894284193E-02  0.59724842701959204E-02 -0.56534309111971348E-02
 -0.52831839630345456E-02  0.64046823535817721E-01 -0.39935755563086861E-01
 -0.43154133461726651E-06 -0.95447075397703216E-06 -0.54904814879034483E-06
  0.37571649686442439E-01  0.32577439694345758E-01 -0.36958846799636209E-01
  0.49823860378831801E-01 -0.43063253255664122E-06 -0.94644597381765188E-06
 -0.48247961236823178E-06 -0.46863972065809580E-01  0.46099609105737125E-01
  0.81899683824746603E-01 -0.42335080518223265E-01  0.69457213074540478E-05
  0.13795274805017490E-04  0.68251529305608098E-05  0.36838616999637113E-01
  0.41017059078365117E-01 -0.44140394272550543E-01  0.87571073576608995E-01
 -0.42826688323661077E-01  0.69275151266952335E-05  0.13784934975643615E-04
  0.68526077302765067E-05 -0.38092806915418521E-01  0.43215987142151926E-01
  0.45643177001223387E-01 -0.45326139651099711E-01  0.83813391698326374E-01
 -0.43963224770697336E-01  0.68518387081091294E-05  0.13585362963956022E-04
  0.67998288980092685E-05 -0.42278509978796315E-01  0.45341165528426117E-01
  0.44342887303161858E-01 -0.46016387640842229E-01  0.46144073610419776E-01
  0.68645505155122430E-05  0.13792520503882975E-04  0.73108080261067290E-05
 -0.47576372651364363E-01  0.48284881540987197E-01  0.67759857911563000E-01
 -0.40023236587103419E-01  0.57083113883941792E-04  0.28611666962951041E-04
  0.35853810757664792E-01 -0.41018806245487811E-01  0.94785345138080448E-01
 -0.48033562836298760E-01  0.28668452605165996E-04  0.57560800458085835E-04
  0.28719503133766162E-04  0.44599337930870018E-01  0.48515519012507555E-01
 -0.47352712840726916E-01  0.97630554999180230E-01 -0.50257845514618813E-01
  0.28854362555145240E-04  0.57487630251362045E-04  0.28512414085355369E-04
 -0.45261483206961612E-01  0.48708019516921022E-01  0.48055736171840255E-01
 -0.51887783552283313E-01  0.10376592531320199E+00 -0.54227022767171773E-01
  0.28788079822153625E-04  0.57148838789669618E-04  0.28642574486767760E-04
 -0.50216292424968012E-01  0.49867490230874010E-01  0.53494519752332002E-01
 -0.56157712943990763E-01  0.11363710897873405E+00 -0.55552317746306876E-01
  0.28663107180119663E-04  0.57540686084667261E-04  0.29197040967045918E-04
 -0.52186982587110275E-01  0.54156519040272642E-01  0.58769783158758688E-01
 -0.56473465283288142E-01  0.10889571961804916E+00 -0.43634161989951563E-01
  0.28706732299755560E-04  0.58322504296036559E-04 -0.53013758615515059E-01
  0.52116799015875710E-01  0.55281814816856318E-01 -0.50309733912706793E-01
  0.35081198664228102E-01  0.28521851981770743E-04 -0.41825848103452028E-01
  0.40375604958335449E-01  0.11254028746178488E+00 -0.53888060148712711E-01
  0.62935111749308890E-04  0.12605947816841878E-03  0.63497326622977557E-04
 -0.47192893587336329E-01  0.53991364301744147E-01  0.58939243850744276E-01
 -0.56612063008610258E-01  0.10390965057551778E+00 -0.53860525206971053E-01
  0.62900211590799060E-04  0.12682897329822687E-03  0.63471484873792328E-04
 -0.51876047110251466E-01  0.50632696756072395E-01  0.54394069970710479E-01
 -0.49055203139018930E-01  0.11243192103496615E+00 -0.61231004439904799E-01
  0.63883226281050813E-04  0.12746479113119749E-03  0.62980814670407330E-04
 -0.52671504397441797E-01  0.56871621106266366E-01  0.51030490441818284E-01
 -0.59998168765482003E-01  0.13418129113281585E+00 -0.64806995973275523E-01
  0.63950261708340816E-04  0.12664823917956369E-03  0.63473448320252759E-04
 -0.62137802619315536E-01  0.65231296563116814E-01  0.65553861411893504E-01
 -0.67396122462880914E-01  0.12590463982594633E+00 -0.56193706756608854E-01
  0.63181096430101977E-04  0.12678948589608994E-03  0.63933016556862903E-04
 -0.63184514333840660E-01  0.60715699206077183E-01  0.65281413833018416E-01
 -0.59806992792021250E-01  0.10097627583417057E+00  0.62883462628998954E-04
  0.12690873616591838E-03 -0.54363833588617823E-01  0.49474316488685171E-01
  0.53550192884144128E-01 -0.47290210848024259E-01  0.11813878330163645E+00
 -0.64141217100930508E-01  0.10742829823823927E-03  0.21466518381681992E-03
  0.10722282561161656E-03  0.59566580900175090E-01 -0.64876948346687602E-01
  0.14020696023503425E+00 -0.68209642728366227E-01  0.10737194178697855E-03
  0.21456855371543280E-03  0.10739143501550248E-03  0.67904262096589854E-01
  0.70667590145038925E-01 -0.72218104177307429E-01  0.13398749214363961E+00
 -0.60439473870126452E-01  0.10723240834889254E-03  0.21476899443415149E-03
  0.10796909743621383E-03 -0.66359800428895213E-01  0.63739623342181346E-01
  0.70575525491204116E-01 -0.65988089202106188E-01  0.11028774634223732E+00
 -0.56290260702076473E-01  0.10716741194346751E-03  0.21571344664408305E-03
  0.10792880792151875E-03 -0.57812143968748719E-01  0.52137787590012437E-01
  0.59851513283891347E-01 -0.51820837615848614E-01  0.11632186671834401E+00
 -0.63177519974486307E-01  0.10837985775642474E-03  0.21630181763091141E-03
  0.10717745453461012E-03 -0.53549107690023368E-01  0.62959387076439652E-01
  0.53223578182858367E-01 -0.61833183479398492E-01  0.13874432863403299E+00
 -0.67359955192270826E-01  0.10837756954509949E-03  0.21507220415985713E-03
  0.10741176744986465E-03 -0.68777160128503159E-01  0.70710005586776639E-01
  0.67546889493292630E-01 -0.70773737015294635E-01  0.13213796183558619E+00
 -0.59606855634390268E-01  0.10744440028612521E-03  0.21474709764036217E-03
  0.10774188556159423E-03 -0.69001839173856894E-01  0.63215427727452127E-01
  0.69064031019896577E-01 -0.65221065945271679E-01  0.10878886307043851E+00
  0.10717321664042632E-03  0.21520489665023508E-03  0.11086131595653375E-03
 -0.57342957019274499E-01  0.50639603370945441E-01  0.59162279141344056E-01
 -0.52452340121501599E-01  0.13047764415338523E+00 -0.71334623275449882E-01
  0.32001003794445126E-03  0.15858321068827738E-03  0.65197565437246485E-01
  0.58160355535401456E-01 -0.69882852038313361E-01  0.15819895829610586E+00
 -0.80379245709897944E-01  0.16000550886922809E-03  0.31780981946522537E-03
  0.15873359397507598E-03 -0.71783477306023524E-01  0.78182982453418308E-01
  0.76942046681188589E-01 -0.76931168148719387E-01  0.16553166596200986E+00
 -0.80553345527113223E-01  0.15919604151030617E-03  0.31801489160857339E-03
  0.15870374678461861E-03 -0.79980367639183552E-01  0.81735212852895049E-01
  0.78699774789384573E-01 -0.82059623870431420E-01  0.15887790310255552E+00
 -0.70994663623844740E-01  0.15885989248250565E-03  0.31718664503910925E-03
  0.15929986426059129E-03 -0.80070370128550401E-01  0.74865765287811481E-01
  0.80388173304700050E-01 -0.77274632647688595E-01  0.12881329608494729E+00
 -0.62639894632607094E-01  0.15833769080687716E-03  0.31843008623423703E-03
  0.15948010323038917E-03 -0.67384170999560231E-01  0.58342788538758805E-01
  0.69552311931122235E-01 -0.59965915897818425E-01  0.12392993590584114E+00
 -0.67793183670929391E-01  0.15909137958570005E-03  0.31831205360193242E-03
  0.15909948978587294E-03 -0.57221426033238405E-01  0.66477735162977005E-01
  0.58813356491914632E-01 -0.60518656783951839E-01  0.15070018213060729E+00
 -0.75851874933548338E-01  0.16091847966238295E-03  0.32179628220144489E-03
  0.15941876394927976E-03 -0.73334687815739468E-01  0.76838029826454921E-01
  0.66760950736340376E-01 -0.72404862992157337E-01  0.15487359028131933E+00
 -0.71284516040430521E-01  0.16112058482162408E-03  0.31922187270996543E-03
  0.15918460772170837E-03 -0.77899105587566435E-01  0.73564525956219811E-01
  0.73404720032754245E-01 -0.73445633715359415E-01  0.13321391545281407E+00
 -0.49552047063723714E-01  0.15893078037661761E-03  0.31706440647695433E-03
  0.15913233433506426E-03 -0.68207910153055611E-01  0.60472053380119615E-01
  0.68097675074706459E-01 -0.64891758621407005E-01  0.75268891124903226E-01
  0.16202236235529510E-03  0.32750387652361912E-03 -0.45417169276771938E-01
  0.48736562118209283E-01 -0.34477321215573569E-01  0.13806135486029474E+00
 -0.73214428865889261E-01  0.44439650862369531E-03  0.21311010920488056E-03
 -0.62836711585100140E-01  0.75501749909400946E-01  0.52063086448689315E-01
 -0.72440246477436272E-01  0.15851467567406168E+00 -0.80077291522781984E-01
  0.22099272328093584E-03  0.42667775438230029E-03  0.21312976065877023E-03
 -0.80935897040772957E-01  0.80924453833555852E-01  0.77654045602140052E-01
 -0.77856523326431102E-01  0.16483882456080423E+00 -0.83680269443186575E-01
  0.21357872830067612E-03  0.42669062892834289E-03  0.21314477220758579E-03
 -0.82530380479780607E-01  0.86053765696009208E-01  0.79401567617363211E-01
 -0.83246988412810534E-01  0.17296190690797721E+00 -0.79705645286404785E-01
  0.21348567960564897E-03  0.42662545005613000E-03  0.21342808494173164E-03
 -0.88158239154431772E-01  0.84743753533301014E-01  0.85282821199341292E-01
 -0.84703980802179331E-01  0.14968666794255556E+00 -0.66143662325505410E-01
  0.21308820547975249E-03  0.42651450689149719E-03  0.21343732813026737E-03
 -0.78809082633634233E-01  0.67946825777304953E-01  0.78772095217773463E-01
 -0.72704094060491080E-01  0.11957007110767601E+00 -0.59245579874814238E-01
  0.21326398270971971E-03  0.42692602570344880E-03  0.21398241684865287E-03
 -0.60689599611632659E-01  0.62449301796893364E-01  0.64938756272724536E-01
 -0.58445318231149948E-01  0.12040490862292879E+00 -0.63951590736232111E-01
  0.21357757767477246E-03  0.42805548827563840E-03  0.21508656829305615E-03
 -0.62666931610932055E-01  0.67964739078506931E-01  0.58648994547331101E-01
 -0.56572369411585228E-01  0.13909687404030533E+00 -0.71230762576389655E-01
  0.21600038352137840E-03  0.43434831795128508E-03  0.21391851050803843E-03
 -0.73080298633153253E-01  0.73121031492588333E-01  0.60830449833818969E-01
 -0.65007885799564358E-01  0.14899935619634781E+00 -0.68470109815514295E-01
  0.21813960324782382E-03  0.42940524386846715E-03  0.21339598784875520E-03
 -0.75694309028641733E-01  0.72130756668449791E-01  0.67295645268757589E-01
 -0.74543555704512485E-01  0.12862925064071593E+00  0.21477367741578330E-03
  0.42730389726673597E-03  0.21502318493925294E-03 -0.66989543420585882E-01
  0.47389883615389792E-01  0.69230367075527077E-01 -0.61424961214997564E-01
  0.10697966773518433E+00 -0.66140856691985972E-01  0.27062489386574291E-03
 -0.48549188694523009E-01  0.67551031550480580E-01 -0.51545766922548184E-01
  0.16818350736895463E+00 -0.85800359094943737E-01  0.56431195688604934E-03
  0.26928527538387304E-03 -0.84737661083402109E-01  0.84958608860750591E-01
  0.64660266875463464E-01 -0.79213215210171386E-01  0.17908657456013444E+00
 -0.89924355442696893E-01  0.28402982002667780E-03  0.54015313036521375E-03
  0.26899912424638588E-03 -0.87689762237474618E-01  0.91936580598552879E-01
  0.81759672162603572E-01 -0.88979810586636034E-01  0.18451951716274053E+00
 -0.90249190794866436E-01  0.27018859191693827E-03  0.53829572403332833E-03
  0.26936213056725684E-03 -0.93328648582844718E-01  0.92695198712723599E-01
  0.90327108308169493E-01 -0.88184015018228479E-01  0.18036859690946567E+00
 -0.82948579316802444E-01  0.26896472504051196E-03  0.53834793807252694E-03
  0.26899623070775487E-03 -0.91641099350393347E-01  0.84581768309680463E-01
  0.87181215355577990E-01 -0.86950175328552692E-01  0.15616633675313483E+00
 -0.66306063394323598E-01  0.26874567232250834E-03  0.53720594486737685E-03
  0.26906625812534761E-03 -0.78670049661503603E-01  0.70803574808502256E-01
  0.80872920345303267E-01 -0.76224844363988193E-01  0.11594638535664841E+00
 -0.53679646378982584E-01  0.26984807367109491E-03  0.54123971371793322E-03
  0.26918025353842272E-03 -0.60941294918838729E-01  0.58783504733173526E-01
  0.65607432013031275E-01 -0.54873613585659893E-01  0.10304041624590772E+00
 -0.59102246264197253E-01  0.27025547797112530E-03  0.53697505074056631E-03
  0.26910730240939258E-03 -0.55385045699261450E-01  0.59188527056059126E-01
  0.51701197639042364E-01 -0.50653254592282613E-01  0.14015488655127816E+00
 -0.73519279120321590E-01  0.27317478585496069E-03  0.54590632014179192E-03
  0.26858715340901496E-03 -0.69116514683751928E-01  0.76560537340176964E-01
  0.59149578287215245E-01 -0.74518987250066253E-01  0.15836486691330567E+00
 -0.65497524907341562E-01  0.27193248284985119E-03  0.53682377578081582E-03
  0.27506598893457506E-03 -0.81418227618407499E-01  0.72238696469694368E-01
  0.79247143196775740E-01 -0.79290798322213547E-01  0.11142761105590995E+00
  0.27165759620910510E-03  0.57450234858174687E-03 -0.60567896240991184E-01
  0.66480668676793275E-01 -0.40136214278276992E-01  0.95137801487649796E-01
 -0.63226764634079675E-01 -0.51908157838991889E-01  0.63591016195200902E-01
  0.17162575148865824E+00 -0.88634203217543686E-01  0.40846895052370931E-03
 -0.85457894898487545E-01  0.93004620738659352E-01 -0.71460299993312262E-01
  0.18783347142532026E+00 -0.91208345012407293E-01  0.81398748325841233E-03
  0.34539849666998421E-03 -0.97227560636843187E-01  0.94920747801794114E-01
  0.74705004929273624E-01 -0.67836272178675472E-01  0.18202056134232516E+00
 -0.91072868308777757E-01  0.39952118996341799E-03  0.69228781400239168E-03
  0.32397773168746120E-03 -0.93435552320790549E-01  0.93187937597305996E-01
  0.66774859081738258E-01 -0.84176269363413763E-01  0.18709892631226211E+00
 -0.85379625541719069E-01  0.34911493408151002E-03  0.64889283505697399E-03
  0.32371813125479236E-03 -0.94496136473597829E-01  0.89065082167723375E-01
  0.85357959867902835E-01 -0.90954183174197638E-01  0.16022020874824808E+00
 -0.67802388146075536E-01  0.32435854379096680E-03  0.64767313242836337E-03
  0.32416905263360181E-03 -0.82374473967756821E-01  0.68897454375761358E-01
  0.84121664874595385E-01 -0.73849762224297111E-01  0.11885856673300519E+00
 -0.63091872094565904E-01  0.32308351527603811E-03  0.64667880856015181E-03
  0.32454568933394046E-03 -0.59265711060691917E-01  0.58064441212922979E-01
  0.63525694955513066E-01 -0.56598645179442153E-01  0.13907975214844579E+00
 -0.79173635349460323E-01  0.32604924109439501E-03  0.65243222163685219E-03
  0.32321729431777468E-03 -0.62852460828376522E-01  0.79184025697735656E-01
  0.61265794602847805E-01 -0.76082092340548915E-01  0.18579285806808834E+00
 -0.74543173680602379E-01  0.32512255203797769E-03  0.64595549811164581E-03
  0.32325092041493084E-03 -0.91624734278645938E-01  0.91675207886990524E-01
  0.88035452007405830E-01 -0.94179136535075827E-01  0.12360174348813695E+00
  0.32968903982840612E-03  0.66420580925093331E-03  0.32475530235627561E-03
 -0.74636785972956643E-01  0.45060287365884868E-01  0.76675343516552017E-01
 -0.55555598662110786E-01  0.37931923148821878E-01 -0.27228178713709363E-01
  0.43125676275433120E-03 -0.35532775662680738E-01  0.32265723607132650E-01
 -0.15753016677797285E-01  0.87727392040195298E-01 -0.60076746985784979E-01
  0.90135994716989458E-03  0.38294361606050815E-03 -0.49506663572065506E-01
  0.62408012617817246E-01  0.24170519353870850E-01 -0.54656297285033641E-01
  0.17318545166512569E+00 -0.87270283399499426E-01  0.39200813281404345E-03
  0.75221126242589884E-03  0.37367930814981283E-03 -0.88145551081206293E-01
  0.93924533944318664E-01  0.77196969462092646E-01 -0.91638245359695603E-01
  0.18159964976016525E+00 -0.81006739431774548E-01  0.37527047378987937E-03
  0.74681270383155116E-03  0.37372625328994502E-03 -0.96199246795657682E-01
  0.84452578448209970E-01  0.93857587693802209E-01 -0.87952890892294420E-01
  0.14958066744385210E+00 -0.76372484788507391E-01  0.37372797152371087E-03
  0.74829573203512698E-03  0.37474428039862113E-03 -0.76582868410491294E-01
  0.68232021688621289E-01  0.79757004383915886E-01 -0.71405282760959379E-01
  0.16175813900259972E+00 -0.89410265119586256E-01  0.37538327909440246E-03
  0.75081820783960573E-03  0.37410517354971802E-03 -0.70978468087686828E-01
  0.88143643581945454E-01  0.74279457918894050E-01 -0.87132988814134684E-01
  0.20394752951944928E+00 -0.99184886763522613E-01  0.37464974116625411E-03
  0.74754651098072227E-03  0.39319705636198936E-03 -0.99065200922703678E-01
  0.10597861282962655E+00  0.97929319609338386E-01 -0.98976467258235168E-01
  0.19847593702445733E+00 -0.73494065997565006E-01  0.37360107554822002E-03
  0.78537768491252224E-03 -0.10452206512558671E+00  0.75732114590377790E-01
  0.97616155566189118E-01 -0.72832708505593935E-01  0.11253464836807139E+00
  0.37342966337747683E-03 -0.57057873261224126E-01  0.54873411018049971E-01
  0.94879227974025202E-01 -0.65599766451679802E-01  0.89387537784404412E-03
  0.43908740389259293E-03 -0.27145283230359585E-01  0.61383069532073069E-01
  0.40777663899893195E-01 -0.63954221833698135E-01  0.19121125939380999E+00
 -0.10091255646931558E+00  0.42128435224666356E-03  0.84013678109085621E-03
  0.42204781841113910E-03 -0.87604248641699698E-01  0.10399241948897924E+00
  0.91273727330926082E-01 -0.98137026839101633E-01  0.21982127009401702E+00
 -0.10048471470332467E+00  0.42043342692884043E-03  0.84481838479717606E-03
  0.42247548729611335E-03 -0.11156257518048001E+00  0.10454403574192959E+00
  0.10528093767340736E+00 -0.99743271060677703E-01  0.18961569042879859E+00
 -0.94806337578937576E-01  0.42026305256423768E-03  0.84079025769553954E-03
  0.42022803440259651E-03 -0.97040043874148036E-01  0.86878535941688497E-01
  0.92583869861044619E-01 -0.89695237839949478E-01  0.19604284710635708E+00
 -0.10032423644075088E+00  0.42088270663164069E-03  0.84137731705582013E-03
  0.42550344417528816E-03 -0.88350214996715870E-01  0.10363859013942920E+00
  0.91214630419876759E-01 -0.97600925654999919E-01  0.21194642842792568E+00
 -0.79106297161648147E-01  0.42115054107953034E-03  0.85148932957402401E-03
 -0.10779211228875911E+00  0.10894472171567098E+00  0.10151247641961145E+00
 -0.91006317735234497E-01  0.12271663571540850E+00  0.42302950572606930E-03
 -0.82795810566776211E-01  0.61775052515826143E-01  0.69162982152098804E-01
  0.18329119130166161E+00 -0.99673083707020247E-01  0.46168274619110310E-03
  0.92664368396772616E-03  0.46370311755274738E-03 -0.61779296830453125E-01
  0.96892427774290208E-01  0.87936644292926385E-01 -0.10020637956372800E+00
  0.22467202449850392E+00 -0.10389052645063368E+00  0.46136703885486359E-03
  0.92392597177979390E-03  0.46413726499362102E-03 -0.10738947910771075E+00
  0.11546459755303198E+00  0.11106245505258867E+00 -0.10587792856231610E+00
  0.19877564819896929E+00 -0.97078660410197966E-01  0.46107163741360733E-03
  0.92661328018279274E-03  0.46356806639653207E-03 -0.10854822162530096E+00
  0.10283869931243652E+00  0.99535797970728552E-01 -0.90039839084779096E-01
  0.19664137654163174E+00 -0.98643903422088641E-01  0.46313331571703626E-03
  0.92670001238641433E-03  0.46645321746020398E-03 -0.10228134897170866E+00
  0.99090154001743418E-01  0.89551854159566115E-01 -0.95921939298692180E-01
  0.20510216064793574E+00 -0.91659364801335830E-01  0.46374679227679012E-03
  0.93320714444536961E-03  0.47943683064233609E-03 -0.10121689738001169E+00
  0.10830349068720835E+00  0.97980684199124486E-01 -0.89320200005943740E-01
  0.17032373354544070E+00  0.46231604881627328E-03  0.94895737508472298E-03
  0.48524491541203130E-03 -0.98599370167283222E-01  0.88394706999820869E-01
  0.81317004723671378E-01 -0.68077975159049053E-01  0.19494936261090823E+00
 -0.10893154829301310E+00  0.51100546065273589E-03  0.10019952563915682E-02
  0.51355788017357522E-03  0.98928866788102727E-01  0.90125551025644661E-01
 -0.10614571050952255E+00  0.25161598249529677E+00 -0.12062096490144607E+00
  0.49916879748868084E-03  0.10228948711765729E-02  0.51164595137100131E-03
 -0.11237509353422319E+00  0.12805470764484945E+00  0.12057283717110832E+00
 -0.10111395021796425E+00  0.23885740639855717E+00 -0.10796215067434427E+00
  0.50792204314549085E-03  0.10194846770158414E-02  0.49980455367552192E-03
 -0.12474179508095731E+00  0.11891870085226275E+00  0.98498023929717942E-01
 -0.11222939599582336E+00  0.20224895529797968E+00 -0.96133689510386144E-01
  0.50966255674247432E-03  0.99808198583030379E-03  0.49970394612474571E-03
 -0.10934969970149639E+00  0.98917470556543989E-01  0.10319866145418028E+00
 -0.93779926824570392E-01  0.19017645486316162E+00 -0.88246589520249668E-01
  0.49824172244566975E-03  0.99756193482384781E-03  0.49943144680309075E-03
 -0.95890595269561132E-01  0.10271157359146375E+00  0.90910260411516646E-01
 -0.90243811395850244E-01  0.17105755002369694E+00 -0.69304916463004496E-01
  0.49812748961326285E-03  0.99765097899465367E-03  0.49887463468722721E-03
 -0.97353928119635178E-01  0.88748842714121245E-01  0.85536509866145014E-01
 -0.79455698642441410E-01  0.11879219482791439E+00 -0.48579989353432573E-01
  0.50082159807792355E-03  0.10016823918189428E-02  0.49868408186824196E-03
 -0.73764759671732545E-01  0.61755293294559834E-01  0.66040641609140893E-01
 -0.58530704302293666E-01  0.85580569171682725E-01  0.50705754905489719E-03
  0.10129156204895231E-02 -0.52391233091212639E-01  0.49655594014714932E-01
 -0.38726084164867647E-01  0.13411198095462515E+00 -0.89383808163619332E-01
  0.14678809565195645E-02  0.57923780666128373E-03  0.81390300982294441E-01
  0.29202576369290160E-01 -0.82723393306129935E-01  0.24984797018173759E+00
 -0.10324724991851753E+00  0.56774806540713998E-03  0.11285684045674054E-02
 -0.11147107935826748E+00  0.13128548769016568E+00  0.11329686496697888E+00
 -0.93402482665300219E-01  0.17727693042203065E+00 -0.85071030913743702E-01
  0.54123353038761701E-03 -0.11056413617003737E+00  0.92720523319229269E-01
  0.78660368283793041E-01  0.16829713477397141E+00 -0.95704314173549587E-01
  0.52971602564847640E-03 -0.90322743885427386E-01  0.10291441986876817E+00
 -0.85228164942024058E-01  0.22663502772799804E+00 -0.10270105126922737E+00
  0.10692019717246655E-02  0.53444300021156810E-03 -0.11943618593142593E+00
  0.10853548504432851E+00  0.98910599385295459E-01 -0.10963739639173689E+00
  0.19373343747260762E+00 -0.92624122975676304E-01  0.53513399307710880E-03
  0.10715808954926509E-02  0.54216804272903882E-03 -0.10026896169897601E+00
  0.99533905496038244E-01  0.10128694679982879E+00 -0.82730908729379458E-01
  0.18517191601434995E+00 -0.89470462961083790E-01  0.53504108600861846E-03
  0.10810412874145656E-02  0.54034528755094140E-03 -0.97284662547087013E-01
  0.90368672301094009E-01  0.80861375807984235E-01 -0.81774805953111436E-01
  0.18102793865386014E+00 -0.73714368385303004E-01  0.53992331938741467E-03
  0.10788787640402344E-02 -0.89339433750760353E-01  0.79180029932906191E-01
  0.80843445774967275E-01 -0.78963255146758780E-01  0.12645894088672984E+00
  0.53515958807618222E-03 -0.66151343833966569E-01  0.51591015267567428E-01
  0.65970238277109328E-01  0.12434547626529757E+00 -0.59331491935566172E-01
  0.14462291830997733E-02 -0.30685649627535398E-01  0.86924558672232433E-01
  0.27253810277340564E-01 -0.63087756041127712E-01  0.12232860884645855E+00
  0.68900626024838596E-03 -0.86652615252391492E-01  0.71436834517648400E-01
  0.62890386041325854E-01  0.19844922013945446E+00 -0.97752468975506481E-01
  0.60141476677268617E-03 -0.10149869746795048E+00  0.11250617220699017E+00
 -0.93090382032159127E-01  0.20085103916554852E+00 -0.78329868202308486E-01
  0.11938640095874331E-02 -0.11301584654131431E+00  0.92311042840110886E-01
  0.93512099148327046E-01 -0.71627818228028231E-01  0.12882295371144501E+00
 -0.63233302763570931E-01  0.56434482962973718E-03 -0.73866453585548726E-01
  0.74700867355342844E-01  0.57315926110150892E-01  0.12907539812582225E+00
 -0.74939097578546754E-01  0.73196225443361076E-01  0.42821555174574408E-01
 -0.17484354646703633E-01  0.40473192161497371E-01  0.98831022046811956E-01
 -0.72025072962179983E-01  0.55169319061188009E-01  0.44092907951028284E-01
  0.13781434690378378E-05 -0.43362668936788680E-01  0.14321286698590767E-05
  0.66288515241178336E-01  0.95852773458748519E-06  0.12694578033973807E-05
 -0.39710587115023035E-01  0.12149580076634170E-05  0.85318500501655432E-01
  0.94767252211768422E-06  0.13755026584875591E-05 -0.44738406383774159E-01
  0.13863562524805442E-05  0.49063963931876167E-01  0.15013770634061732E-05
 -0.49790163623818442E-01  0.14427157557756189E-05  0.83111426927642160E-01
  0.15646725336165515E-04  0.16020879748749504E-04 -0.44556165718985463E-01
  0.15931002576478868E-04  0.96250785416995992E-01  0.15637537670338140E-04
  0.16265111612871572E-04 -0.51777683814896456E-01  0.16010816986069112E-04
  0.94918481802898231E-01  0.15454045288952026E-04  0.16058713102077446E-04
 -0.53979472541256630E-01  0.16033072529514061E-04  0.10221578853032851E+00
  0.15644668916820477E-04  0.16032258092261649E-04 -0.53827533868368471E-01
  0.16382858431438850E-04  0.49945575445617010E-01  0.16077031331367038E-04
 -0.48153045452795524E-01  0.77670213807570025E-01  0.58849356397037722E-04
 -0.49466674176667773E-01  0.44441302622752179E-04  0.10170097391430020E+00
  0.59290658240205776E-04  0.44340034907371608E-04 -0.54317950598936928E-01
  0.44911795362537195E-04  0.96890266226250752E-01  0.59218586954989849E-04
  0.44393221856805125E-04 -0.47800960417199887E-01  0.44257077762128274E-04
  0.11293878066210499E+00  0.58890091802616560E-04  0.45263780326625414E-04
 -0.60707640205512527E-01  0.44371754882128043E-04  0.12445188418598201E+00
  0.59270663012642535E-04  0.44609683666498707E-04 -0.65527987864876183E-01
  0.44899516941439952E-04  0.11492671789923841E+00  0.60050017601055909E-04
  0.44375219492511944E-04 -0.57675897769097242E-01  0.45456974020262226E-04
  0.95166449890305600E-01  0.44395805998392870E-04 -0.46379829983204637E-01
  0.12793451425608160E+00  0.12761705282473734E-03  0.84118603559846079E-04
 -0.69917130180885962E-01  0.84337945627166224E-04  0.11810141996409311E+00
  0.12837834388034293E-03  0.83965372786654839E-04 -0.62773543019296962E-01
  0.85166587924169566E-04  0.96104629837353688E-01  0.12900625165954280E-03
  0.83979263743043582E-04 -0.48978573295147143E-01  0.83942870739383224E-04
  0.13275117432952663E+00  0.12820150881849792E-03  0.85841008427821244E-04
 -0.66962919732108706E-01  0.84178853525543911E-04  0.14030219243564033E+00
  0.12833978631979603E-03  0.84604440953745801E-04 -0.72147169283790547E-01
  0.84730508225141890E-04  0.11779909435798912E+00  0.12845696353256426E-03
  0.83984488493503662E-04 -0.62396404574599984E-01  0.84992135124562722E-04
  0.91795803216919918E-01  0.83969926935948340E-04 -0.48900715616425057E-01
  0.12586606580425310E+00  0.21601623697198962E-03  0.13383730700246710E-03
 -0.69796649952682985E-01  0.13245195384334776E-03  0.14934133359937720E+00
  0.21591285848437409E-03  0.13245977037788201E-03 -0.76031483992090578E-01
  0.13221365883970881E-03  0.15594758489428420E+00  0.21611319662770874E-03
  0.13269786125312657E-03 -0.81034644999251952E-01  0.13259759154159774E-03
  0.13638852673911885E+00  0.21705480638818511E-03  0.13207765665204043E-03
 -0.72805533170374215E-01  0.13353015158620032E-03  0.10235399782192740E+00
  0.21763459884877325E-03  0.13222625423197476E-03 -0.54280686449859381E-01
  0.13232720277534882E-03  0.13799338876673923E+00  0.21641338184255581E-03
  0.13364779411602528E-03 -0.64940104551264692E-01  0.13250683817008269E-03
  0.15144886014868479E+00  0.21609081277488604E-03  0.13413794081488215E-03
 -0.73832572188546575E-01  0.13285506332113899E-03  0.13511030978315719E+00
  0.21655106311087948E-03  0.13261471815344641E-03 -0.69749107613809045E-01
  0.13273355009797714E-03  0.10620484040267757E+00  0.13215175085840702E-03
 -0.58879427857384563E-01  0.13711073947248800E-03  0.10985466420268628E+00
  0.32111207647015281E-03 -0.47461673409081504E-01  0.18552181728431201E-03
  0.15877638174206579E+00  0.31892837765830793E-03  0.19605755175890273E-03
 -0.79300482641095549E-01  0.18586496036021520E-03  0.15873001967744993E+00
  0.31913268612198680E-03  0.18588693723906305E-03 -0.79498059050296552E-01
  0.18548931843340320E-03  0.17251614812870919E+00  0.31830299128700199E-03
  0.18638550879285503E-03 -0.86941016876109831E-01  0.18586999558071104E-03
  0.15945989671531140E+00  0.31954552106190843E-03  0.18549445592429050E-03
 -0.82989706792538591E-01  0.18643477856900507E-03  0.11869772865038484E+00
  0.31943275805577103E-03  0.18556127253906176E-03 -0.65963552693216085E-01
  0.18584386903991813E-03  0.12564612953986760E+00  0.32295167482776921E-03
  0.18627499018904706E-03 -0.61060799117233655E-01  0.18670472947087386E-03
  0.14767651280390462E+00  0.32035294246991182E-03  0.18812476238544864E-03
 -0.63890491742371482E-01  0.18695580099527644E-03  0.14783534719001694E+00
  0.31818104449256355E-03  0.18857518084590776E-03 -0.68345270884094367E-01
  0.18567679768617440E-03  0.13430759679297015E+00  0.32873078977970014E-03
  0.18687384336480408E-03 -0.72165575888576967E-01  0.18646531043330782E-03
  0.67223155877799616E-01  0.19176495732061127E-03 -0.45336765416120715E-01
  0.84299515470475299E-01  0.44519163012132008E-03  0.24147437892418373E-03
  0.16320710961541569E+00  0.42757676576455292E-03 -0.65041324254469126E-01
  0.24167562703919718E-03  0.16403859335858925E+00  0.42758867275893930E-03
  0.25069254664984211E-03 -0.80018752837937779E-01  0.24077327646944093E-03
  0.18022725056892089E+00  0.42752436696734408E-03  0.24264986127315846E-03
 -0.91372481085569923E-01  0.24146244550995029E-03  0.17780034375309517E+00
  0.42741506591870815E-03  0.24107197132414213E-03 -0.88584104975877871E-01
  0.24138518720457856E-03  0.15158957854161184E+00  0.42783116983996639E-03
  0.24111974522788922E-03 -0.81505891661662595E-01  0.24113088194442991E-03
  0.12295372447335415E+00  0.42895891565732347E-03  0.24112593272107170E-03
 -0.69064456823537732E-01  0.24225805631635069E-03  0.11446721723233750E+00
  0.43533010477509793E-03  0.24231791509584397E-03 -0.55626589405764681E-01
  0.24231750760933064E-03  0.13060834277420765E+00  0.43030353073390586E-03
  0.24453272230037530E-03 -0.58258590458673254E-01  0.24092549387069799E-03
  0.16005283043792664E+00  0.42820611577608432E-03  0.24693914254696123E-03
 -0.81500908186894492E-01  0.24119888482074940E-03  0.12598010648797380E+00
  0.24106655412409363E-03 -0.72295073976550661E-01  0.25724812964218402E-03
  0.10783287444835565E+00  0.56527145306178985E-03  0.16171660501588589E+00
  0.54085603696895621E-03  0.30158661930803738E-03  0.19130537807246277E+00
  0.53899909836892670E-03 -0.77244661883214327E-01  0.31353830954599804E-03
  0.18238396018384361E+00  0.53905212300170424E-03  0.30468374443204422E-03
 -0.68392630165733728E-01  0.29735847808126286E-03  0.18142315023256401E+00
  0.53790872421448030E-03  0.31175373239229764E-03 -0.86178009771321413E-01
  0.29611905554141913E-03  0.16129071543681266E+00  0.54195786886615762E-03
  0.29733721598103902E-03 -0.86555476888006684E-01  0.29747036990986997E-03
  0.11315704137583145E+00  0.53767714880456507E-03  0.29788215471193787E-03
 -0.63394100378195013E-01  0.29628206874631520E-03  0.10866486593631421E+00
  0.54657513368559529E-03  0.29606667394828232E-03 -0.55260829161722436E-01
  0.29716977006059597E-03  0.17183219686588982E+00  0.53752619970223172E-03
  0.30243767267595563E-03 -0.86791039340007217E-01  0.29564061178477505E-03
  0.17203296523497991E+00  0.57487195816544654E-03  0.29634417194063447E-03
 -0.92932818093649345E-01  0.30508326325461681E-03  0.62897012622894710E-01
  0.31384126342911385E-03 -0.40607108511739458E-01  0.13002326226774401E+00
  0.82832331948050548E-03  0.43861663563392730E-03  0.10774824723692065E+00
  0.69336257794730463E-03 -0.26960127147293966E-01  0.36118162820568895E-03
  0.17019215754623755E+00  0.64943489942196724E-03  0.44323031247729352E-03
 -0.78488405032515356E-01  0.34885638643087304E-03  0.19300361537397347E+00
  0.64820329582420078E-03  0.35285561594493258E-03 -0.99509870388120074E-01
  0.34965559820577892E-03  0.14904244967639711E+00  0.64721552648504233E-03
  0.34856545847208089E-03 -0.81741060710764284E-01  0.34909432660825992E-03
  0.11858429311949710E+00  0.65295868937512411E-03  0.34935847999804559E-03
 -0.65057522905799701E-01  0.35070470391756290E-03  0.18216529681982557E+00
  0.64648770460438856E-03  0.35190616370941519E-03 -0.95092237124289252E-01
  0.34838963190207242E-03  0.20829922953429705E+00  0.66481108826691271E-03
  0.34928454752942448E-03 -0.10287426956878241E+00  0.36712022263423130E-03
  0.10967321309833384E+00  0.35862356339241379E-03 -0.55265976288290597E-01
  0.30776210013158445E-01  0.89556753303656063E-03 -0.23323367156100705E-01
  0.47355063476259653E-03  0.15188288902130558E+00  0.75259914800074483E-03
  0.41827352526726980E-03 -0.83507260847339797E-01  0.39768617271371994E-03
  0.21333597170885961E+00  0.74720947655967880E-03  0.39964542906388800E-03
 -0.10684715099564528E+00  0.39921247688260152E-03  0.18751736128807504E+00
  0.74869467514258545E-03  0.39743482560578563E-03 -0.94769658478824130E-01
  0.39797397250735758E-03  0.15060411054519321E+00  0.75121495482367511E-03
  0.39776696896336707E-03 -0.82091910048768870E-01  0.39809754130547365E-03
  0.20666855410692335E+00  0.74794414508363003E-03  0.39924678262040700E-03
 -0.10324496131059155E+00  0.40211488333183834E-03  0.21111819601668413E+00
  0.78582154091807244E-03  0.39778929459373620E-03 -0.93447092796325233E-01
  0.11781716017342401E+00  0.39967650866905032E-03  0.78700541664671348E-01
  0.89427863007441353E-03 -0.59405816535205140E-01  0.47353353645895675E-03
  0.19306699024029029E+00  0.84042487080517443E-03  0.44260209394396224E-03
 -0.10612868945637384E+00  0.44185309765850196E-03  0.22288972786910382E+00
  0.84511981483409464E-03  0.44140852424900672E-03 -0.10880362463989788E+00
  0.44576792680729156E-03  0.20023184892306118E+00  0.84107990386281024E-03
  0.44153746461297958E-03 -0.93118121114737598E-01  0.44183564956470169E-03
  0.18803249524359964E+00  0.84166521712462465E-03  0.44306019264497269E-03
 -0.96668289165373569E-01  0.44523586741980061E-03  0.21505176255266210E+00
  0.85180985197717654E-03  0.44263153112251770E-03 -0.94260411375147708E-01
  0.45851900029586465E-03  0.17274459853031843E+00  0.44214173566061241E-03
 -0.70965092330420045E-01  0.18778939035948511E+00  0.92685482276967299E-03
  0.48172172259513735E-03 -0.10757560242814803E+00  0.49379610773522788E-03
  0.24388382385721790E+00  0.92413246501776349E-03  0.48069912788537401E-03
 -0.10274171463570643E+00  0.48180665600575647E-03  0.22181481209009819E+00
  0.92681788962702090E-03  0.48900011577448570E-03 -0.11170310641860302E+00
  0.48358514847314558E-03  0.18184941182873295E+00  0.92690987942098371E-03
  0.48004337556295322E-03 -0.91654030286057662E-01  0.48076111349348158E-03
  0.20837492890623230E+00  0.93343681578975080E-03  0.48267387816970500E-03
 -0.97508442983943571E-01  0.48664566106510563E-03  0.17350433476190723E+00
  0.94922638243626380E-03  0.48075620138138087E-03 -0.82411049961838003E-01
  0.49422292413768032E-03  0.12173044756238365E+00  0.48407904422456642E-03
 -0.60895034544306847E-01  0.49474210950967459E-03  0.18580679867201351E+00
  0.10021433416157453E-02  0.71480912611627083E-03 -0.10090083344447391E+00
  0.53828055190065252E-03  0.25763244130209646E+00  0.10230911450090332E-02
  0.51756527742801239E-03 -0.97926906416521202E-01  0.18179957750022727E+00
  0.10197002005095417E-02  0.51860362065369969E-03  0.51609525234099198E-03
  0.23539385501638703E+00  0.99822599095484090E-03 -0.10416555812294750E+00
  0.51554103474305277E-03  0.19471490548613479E+00  0.99770984093422719E-03
  0.51883797437627184E-03 -0.10494841657180856E+00  0.52090692346394887E-03
  0.19189897655456276E+00  0.99779565272982538E-03  0.51517592916542920E-03
 -0.84887736277309891E-01  0.51898191847026363E-03  0.16586224800523761E+00
  0.10018294639950991E-02  0.51848776630870654E-03 -0.79686323213328594E-01
  0.51855026266002424E-03  0.13072550444172242E+00  0.10130795281293479E-02
  0.52044924768053065E-03 -0.68840303223137633E-01  0.79304671473635189E-01
  0.52325311285116722E-03  0.30214787324963401E-01  0.14347305058929849E-02
 -0.12878376511930067E-01  0.67245489463820176E-03  0.23043798853548374E+00
  0.11291110419027108E-02  0.77926211364352440E-03 -0.89205057441571682E-01
  0.15670288670858006E+00  0.55218433353743936E-03  0.19341032182134823E+00
  0.10693126008260319E-02  0.54480121567480113E-03  0.23782045559569278E+00
  0.10716703002851253E-02 -0.10532938519898136E+00  0.57902867251932708E-03
  0.15939083519739750E+00  0.10812370966343756E-02  0.54577663615018928E-03
 -0.65458329069096219E-01  0.16296971822144899E+00  0.10790578914493092E-02
  0.55436939719106837E-03  0.15501755549688494E+00  0.28584846734935333E-01
  0.14450078439734564E-02  0.14671798311583471E+00  0.19612058782592447E+00
  0.11942008199806406E-02  0.11577667975623360E+00
